2 3 11 30 94 683 1301 2540
1 7 8 52 288
1 4 9 25 178 256 273 335 404 444 4877
3 5 33 140 198 817 9780
4 6 10 15 16 123 434 678 5508
5 17 19 39 63 85 911 1317 1741 3785 4746
2 14 22 159 714 1048 1565 4055 4792
2 13 21 34 73 246 806 1046 1716 1992
3 18 29 131
5 20 46 75 2917
1 12 35 38 40 45 74 96 134 157 215 718 1005 1125 1128
11 60 101 894 3735
8 54 149 643 1160 4591 6286 7398 7488
7 24 370 1011 1134 1662
5 31 106 291 6492
5 23 57 67 197 5475
6 36 47 173 677 2543 5242 9559 9903
9 37 49 156 304 3667
6 26 27 32 139 208 649 976 1202 1347 1663
10 182 185 379 1056 1754
8 111 373 6497 8976
7 9636
16 76 5964 8082
14 194 662 6105
3 41 56 132 1150 2532 3009 5245 9533
19 28 187 1766 3019 7868
19 501 6664
26 43 86 233 439 5389 5954
9 66 538 819 961 5960 7643
1 48 99 251 598
15 175 9051 9387
19 1124
4 44 51 58 64 102
8 97 317 3602
11 327 414 1407 6519 7231 8038
17 117 482 492 4240
18 62 70 234 674 2605
11 87 143 613 2143
6 42 89 236 275 724 9504
11 83 248 525 4720 9254
25 706 1963
39 82 115 138 470 689 906 3607 8263
28 554 875 987 2122 2646 4361
33 465 742 855 1383 3076 4694
11 50 243 529 796
10 90 122 209 217 272 777 1387 7821
17 53 105 113 3377
30 88 212 216 320 1692 2765 3474 3943 7462
18 69 169 171 548 1154 1363 2230
45 127 207 225 315 431 1906 3280 9159
33 78 306 682
2 454 1016
47 61 72 158 255 828 831
13 55 108 124 129 295 1102 2622
54 318 860 2357 6652
25 59 1439 2073 2324 4876 6131
16 179 517 880 1145 3574 9547
33 1235 3143 3962
56 483 5998
12 91 527 734 1062 2120 2537 3359 7879 7925
53 80 188 413 4079 6759
37 79 285 1365
6 65 68 220 1335 3322 3535 8122
33 71 202 371 537 782 1631 8532
63 297 476 2711 6159
29 280 336 792 919 995 1261 1556 2816 3088 4711 5412 7600
16 341 422 631 3064 8239
63 629 745 1417 2488
49 98 385 801 1459 3029 3476 9265
37 2723 5340
64 77 151 155 447 608 670 823 1799
53 137 773 1306 2623 4023
8 81 130 153 607 949 3665
11 112 401 2583 3850
10 104 330 619 699 1075
23 84 333 388 395 3886
71 95 161 228 249 287 350 433 445 450 456 1198
51 426 2631
62 781 1057 2638
61 364 1036 1163 1472 2081 2451 4823
73 154 632 1264 1302 2483 4397 7980 9879
42 128 174 319 755 975 3761 6027
40 180 290 640 3858 4139 7934
76 93 181 247 258 1153 1373 2397 3383 3650 8699 8987 9491
6 103 206 221 271 340
28 118 743 929 1146 2416
38 92 260 595 1103
48 114 120 133 324
39 196 574 1871 2706
46 135 266
60 8136
87 167 1399 1616 4827 9990
84 144 177 506 4029 5427 7457 8919
1 286 296 316 746 3878
77 1098 1297 3873
11 100 356 666 1230 6570 8356
34 4932
69 420 3218
30 145 468 2775 4761
96 109 263 807 1712 8658
12 292 705 1821 2800 3036 9194 9931
33 110 160 201 219 311 1569 2558 9658
85 664 992 4965 7630
75 437 901 2077 2205 6372
47 107 162 368 386 9166
15 164 687 1392 8900
105 464 1007 1104 1724 2574
54 121 125 150 186 3404 6575
100 264 1551 2827 3091 7039
102 163 183 345 2006 2194 2584 3315 5589 6680
21 147 218 784 2311 6985
74 146 520 965 1483 1834 2344
47 1771 2640
88 184 214 418 1390 1934 2832 5461 7145
42 116 922 1118 3090 4539
115 119 190 458 5792
36 141 498 592 993 3881
86 268 933 1060 3025
116 148 1832 2098 7599
88 126 136 267 436 513 577 753 6679
108 6608
46 142 1170 6600
5 254 814 1379 2967 4957
54 191 367 1114 2453 2619
108 1213 2356 4304 5853 9104
120 213 231 359 1890 2277 8462
50 168 229 416 655 769 811 1300 3110 6026 7874
82 369 524 1479 3479 4557 7327
54 2556 6508 7710
73 424 711
9 326 726 1144
25 152 193 797 2828 2960 4844
88 293 502 833 1038 5787 7596
11 406 1614 1760 4472 5167 7282
90 176 1088 1561
120 469 531 1853 3942
72 2052 3416 4075
42 622 1430
19 729 849 1194 1931
4 673 1276 1458 7098
117 4273
122 210 712 1152 7111
38 262 696 854 1243 2465 2991
93 170 240 276 382 400 3763 4821
99 866 4713
112 294 602 1209 1326 1473 3826 5156 5388 8292 9752
111 289 6904
119 2361
13 572 4082 7088
108 200 747 3652 5194
71 3520 9433
132 242 549 1240 1460
73 230 1049 6609
81
71 222 617 978 2136 4430
18 257 305 2068
11 195 3499 4555
53 165 440 3754
7 172 415
102 604 1246 1640
77 224 2804
105 166 393 739 934 2129 4384
110 189 349 556 4724 6658
106 361 684 688 8857
158 192 203 810
162 244 1469 4213
92 815 2511 2555 4160 4703
127 1442
49 515 904 964 4643
144 637 657 818 1252 1481 2199 6316
49 352 2722
159 259
17 232 360 623 3436
82 1113 1773 4473 8597
31 211 551 1147 1200 2590
135 339 832 4008
93 204
3 499 665 770 2704 4887
57 804 1507 1770 2215 3483 5074 7899 9506
83 270 1751 2144 3531 4311 6366
84 374 526 738 1582 1650 1729
20 1132 2189 7015 8811
110 274 284
114 474 877 971 2061
20 947 1837 8066
108 199 1033 1874 6688 9449 9483
26 800 1316 1327 2367 5563
61 383 660 6887 7712
163 766 2184 7559
116 1321 6777
124 2029
165 334 962 4056 4323 4563
132 378 905 1162 8362
24 205 303 1094 1443 1489
157 261 646 6913
89 514
16 265 658 1083 2476 2843 2856
4 307 321 344 809 1404 2004
186 241 310 331 1411
150 394 981
102 342 443 892 1455 2334 6928 7589 9937
64 928 1050 1509 1560 6646
165 2252 4094
177 1601 1971 3920 5726
194 227 281 856 1348 3422
85 279 841 4034
50 298 882 1047 1051 6317 7836
19 278 614 963 2142 2231 5733
46 301 721
142 5819
175 277 353 376 377 580 1133 1774 1940 4753 7004
48 412 2229 3037 4170
126 252 479 879 2778 3662 4144 9091
114 427 588 1872 2456 5737
11 283 609 816 2012 2936
48 250 441 852 1282
46 399 569 6622
111 1352 1366 3797 7369 8722
102 238 486
63 239 308 898 1618 8106
85 429 1129 1647 3357 3981 4995
155 223 299 1450 1529 1679 3915 5277 5766 9781
222 226 235 313 390 715 3000
161 282 392 1035 1161 4673
50
223 510 635 2034 3356 6443
205 876
77 950 3233 5335 6750
127 253 351 355 9922
153 432 639 776 1186 2859 3426 5100 7203 7299 9514
126 384 2126 2509 2536 3005 4691
173 460 493 883
28 1605 7247
37 237 8226
223
39
234 1275 1585 1898
219 7862
220 899 1257 2251 3599 4169
144 245 570 701 970
199 8343 9986
152 4778
45 885 2557 3274
166 951 1499 2346 4317
240 1607 7152 7186 8938
8 312 2350 2998
84
40 323 1415 1420
77 2308
216 7444 7875
30 1073 2803
213 2769 2889
229 380 1212
123 1265 1313 1452 2101
53 710 2420 3478 6060 9942
3 300 1441
156 358 423 509 1188 3977 8335 8983
84 405 452 550 830 1361 1727
172 403 1148 1625 2232 3178
87 2741 4392
195 508 681 1492 1586 2834
143 543 2471 2753 3484
100 269 2939 3342 4066 8071
109 408 863 1598 5038 6052
197 471 3964 4381
90 938 999 1093 2053 9965
120 1973 8058 9145
118 302 578 1224 2027
263 4586
180 343 813 2015
85 840 1111 1419 5169 9372
46 512 561 3570 3973 6565
3 453 618 1099 4626
183 606 1110 1371 1998 2366 8867
39 448 1375 2007 2404 4069
144 558 653 2153
211 1544 2196 4013 6452
208 309 771 1167 1403 3449 8677
206 3747
66 407 716 2268 3583 5265 6998
205 2997 5997
224 381 435 478 481 581 651 826 2489 5174
215 2591 3740 6705
183 1078 1875
62 645 1112 1290 2260 3653 5012
94 1268 2863 4195 5710
77 372 1053 4344
2 398 1697 5505 6393
147 409 1251 2812 9392
83 325 366 1482
15 365 410 542
101 362 3299
133 2095 2132 2209
146 1069 1494 1808 2516 4782
54 459 843 850 925 1470 1956 5431 6489
94 417 5662
65 620 2287
207 932
222 576 1364 1369 2030 3947
256 338 659 5261 6278
209 329
268 685 1476
194 2161
18 1431 1486
156 314 805 1630 1753 1997 2301
51 6313 8142
198 337 421 566 887 6587
220 902 2521 6606
278 442 461 1838 2297 7297
199 419 507 546 2461 2836
102 328 357 497
246 540 5060
223 322 488 3969
305 430 888 3710 5860
50 332 2039 6032
94 2018
34 1045 1115 2974 3192
55 1329
82 986 3658 9090
48 354 648 1779 3661 4116 7631
198 720 1065 1091 1394 8971
313 1380 2425 2593 4651 6248
248
88 3014 3959
290 477 749 9934
131 1501 2819 5010
35 375 484 586 793 2602 5722 6711 8569
311 346 516 2326 3275 4917
301 363 644 1136 1446 1448 1809
75 1323 1447 2266 2586 3209 3229
199 573 864 1437 3225 8749
315 799 821 3248 6424
76 937 3965 6720
192 641 897 2414
3 3020 4260
66 438 1221 5336 9261
307 2080 3269 8194
300 348 740 1314 1401 9118
176 1208 2400 4569
85 1583 2702 6984 7917
67 575 624
201 667 783 2220
270 541 8798
198 347 563 1024 1702 8435
110 1156 3092 3174 5229 7500
328 389 1699
344 7453
338 532 873 1511 1957 8130 8870
163 503 2022 6683 9441
77 428 449 1749
229 1873 1915 4686 4908 5121 7214
171 704 930 982 6461
211 2526
320 1020 2606 2909
229 1422 7412 9065
96 1676 2686 3164 4607 5477 7802
311 397 1498 3488
257 536 1216 1503 1635 3566
126 686 5564 8138 8289
173 1052 6636
164 1531 2491 5869 5987 8646
292 472 584 596 3514
329 589 764 1101 1319 7869 8052
80 802 956 9110 9935
291 555 634 7361
290 500 560 4954 5697
124 411 521 786 1018 1862
105 553 719 2893 7316
128 3231
14 391 1423 1615 8333
64 1487 1686 2245
287 1086 2325
21 387 1307 2123 3563 8051
181 539 1735 8432
327 679 1907 3655
211 2738
211 663 736 1843 4527 5148 8240
193 4354
20 396 756 2000
253 1295 1777 3321
282 494 917 2656 3705 6409
144 1064 8126
188 694 751 909 3002
231 650 834 4998
69 3736 6428
105 402 763
373 2628 5639
76 1782
346 2043 2793 7086
223 752 895 907 1984
370 495 1127 1195 2663 4182 5824
224 545 6378
162 530 1787
200 590 1922 4154
76 446 1000 1054 1173 4235
379 1089 1322 2296 3185 9228 9840
357 547 636 1461 1610 5291
288 425 1772
217 565 1468 3419 3519 3776
144 1657
74 466 585 912 923
386 1789 2227 6434
259 1142 3551
3 767 1010 6064
258 1204 1338
134 1877 8267
280 1227 4186 7843
264 1151 1166
289 485 913 2332 5223 5845 8625
291 1031 3051 5767
367 8167
212 564 1668 3296 3633
61 455 1126 1248 2412 2676
35 519 1058 6407
159 1402 2387
127
296 867 2783 3565 7557
114 522 874 5107 5803 8477
310 625 1410 5299
98 451 562 762
307 1165 1514
67 955 1666 1911 5646
257 953 3439
130 463 890 958 1233 2655 4768
398 7178
78 2829 3955 6283
214 2692
350 467 707 2981 4862
221 798 948 6322
314 552 1563
50 697 871 939 2549 3487
230 475 1001 1962 4647
77 462 583 1742 2662 8323
5 612 725 3741 8031
282 692 1983 8371 9732
120 1525
104 1177 2398
336 587 591
28 1285 1594 4135
158 505 628 1346 7734
216 846 2255 3643 9452
309 457 672 865
201 717 1540 1972
3 5235
77 690 1519 2048 2705 3832
395 4097 5398 9610
71 600 615 1395 2932 8769 8888 9520
275 675 1745 5483 6244
350 487 870 1336 3155 4533
77 2072 2349 2563
420 528 605 2644 7762 9999
258 496 1946 4025 6558 8750
273 952 3768 5473
52 6170
413 473 627 647 761 1299 2182 2319 3107
77 1568
442 1384 1440 1790 7255
116 511 535 610 700 985 6402
295 489 491 872 2647 3169 6342
232 1617 1918 2957
309 1817 3371
433 759 1985 3513 7539
424 943 6501
107 997 2496 4736
44 693 842 5236
401 557 638 4320 4992 5601 9950
428 3402 7180
99 480 4412 6816
136 2247 2370 5267 9833
42 518 827 3141 3787 6927 9681
265 7150 9512
362 1620 2368
455 2371
184
432 1451
65 676 1019 2576 2876 2949 9014 9650
325 490 1203 8322
282 862 1092 1947 2060 2514 7524
213 812 977 2111 4389
468 1109 3017
282 859 1232
36 1526 2928
59 708 737 1867 2429 5658
327 1071 1795
409 1105 2736 3281
219 732 2110 2312 9056
449 881 2021 2645 3593 4748
313 523 1158 1343 1619
459 1882 2825 7414 7850
477 791 1377 1530 7716 8641
459 504 534 1012 1022 1592 2315 5047
36 544 2041 9266
232 900 2057 3369 5093
381 1296
391 824 5673
452 597 2017 2267
311 2038 2740 3408 7608
117 633 2330
178 1218 5832 6315 8600
366 1291 2784 4347 7008
27 2733
133 733 1029 3771
349 4825 5883
491 1678 6202 6841
440
93 2011
310 559 1063 1223
261 703 1744
257 1991 3089
226 599 869 1536 3103 9367
458 1207 2999 3222
272 533 695 822 1857 3581 3919
120 1687 2750 7989
196 3347
169 579 594 1331 3250
328
57 7624
470 1554 2096 2117 8296
414 1463 1532 3061
112 794 915 1493 1757 5778
367 2066 2155 4438 5283
418 790 838
488 4743 5301
128 945 1135 1520 1987 3635
40 1121 2353 2787 5839
181 616 1778
60 698 1340 3671 4244 4907
451 940 5804
45 1738
393 709 3454 9494
136 760 7819
348 621 1360 1812
512
491 1079 2730 7858
458 4562 8160
358 896 5142
64 669 1272 2694 5026 7391
29 1870 3323 5656 6885 7140
374 1294 2163
312 9042
343 780 3154 4774 5983 8414
291 8083 9315
262 1139 2264 8233
492 2747 8715
392 582 2510 5462 6292 9906
310 611
397 4296 9875
49 730 1653 2517
152 878 1797 1861 2522
258 567 1006 3111 5048 8295
175
430
368 820 1835 2172 4779 5113 6714 6799 8005
43 568 2890 3227
365 979 2288 2695 3510 4564
163 1513 2661 2895 8878
466 702 1169 6550 9141
276 1325 7523
507 661
366 744 1497 5204 9247
272 723 1815 7270
420 656 1030 1684 4972
344 3212 5019
412 571 593 1066 1791 2074 2567 4371
399 2433
307 1581 4053
550 1456 3547
554 1076 4070 9585
217 4272
240 5184 8411
564 680 1505 2449 2579 6618 9211
149 601 4759 7825
331
89 1822 1829 1902 1951 2560 5780
341 4227
299 642 2484 3395
120 5689 8478
268 1893 5756
515 2898 9806
211 779 3586 4858 6902
282 1823
545 1506 1553 2154 6041
433 603 984 1471
362 1274 2737 3926 5546 5944
401 868 1225 2099 4230 4698
327 2183 3789 7108 7887
438 886 1087
214 1580 2477 3855 4152 5894
363 2157 2167 2192 4675 6014
394 1108 1512 5105
438 4171 9864
117 2347 7146
564 654 2735 4404 7073
515 735 2912 4332 6208
87 626 991
362 2831 4854 5972 9528
496 1217 3505 3725 4449
30 803 1286 4669
510 2688 2935 4387
447 8515 9473
572 728 1305 4594 6947
146 1358
583 1593 2103 4394
160 1436 1755 3684
451 889 2452
274 1199 2009
73 3065 6054 6162
71 754 1308 3177 3417
215 1474 7883
458 2913 6172 6719
546 931 1600 6536
434
38
208 2351 3717 6522 8705
447 1396 1864 3598 4386 4510 5532
526 2240 7748
155 691 1689 2513 3506 3546
273
75 2689 3309 5282
297 4853
532 3611
138 1909 2130 5069
173
341 1541 5914 9399 9992
419 630 1084 6035
595 652 1238 1488 4728 4873 6139 6473
455 3102 3147 3215 4707
440 1259
68 4572
625 2947 3232
67 1421
81 7729
498
365 935
226 1883 2447 8011
397 3681
170 2010
466 2938 9699
230 994 1117 1192 4149 7609
83
334 1522 1693 1775 4755
576 960 1026 1059 5828
13 748 1849 3523 8084
329 1820
285 668
195 713 1929
455 1949
320 671
19 4863 6468 7320
384 1638 2127 4049 5112
282 4001 4715
626 3399 4765 5633
276 1081 1566 1665 1830 4458
593 9709
127 1183
562 1122 2354 5802
170 795
197 2894 5317
300 910 1860 4142 4871
188 1502 2170 4164
559 2942 3702
24 927
377 1800 2225 2821 3515 4336 5078 6479
103 1732 3084 3085 4310
178 757 3429 4608
96 750
342 768 2210 4829
645 2106 9651
537 1289
71 1836 3132
648 861 884 1032 1250 4783
442 1958 3606
140 6703
37 774 1908 4872 8537
448 2380 3149 6195
476 973 1538 8464
17 1100 3140
5 1942
375 1137 1245
571 2257 3908
261 789 2410 4593 6480
51 788 2494 4740 5815
1 844 1496 2455 4362
164 903 1015 1748 3389 6337
302 7202
359 7365 8293 8978
106 1537 2809
164 1009 5919
42 6772
445 2253 2529 9944
617 1622 2104 2159 2495 2546 8092
435 3010 9147
465 837 1184 2743 8949
383 758 1994 2046 2782 3849
512 1041 1643 2802 3015 3115 3241 9013 9634
143 1027 1851 8402
431 775 825 2113 2147
527 839 4283 6426 7867 8059
75 1034
458 727 3168
240 920 2384
557
508 1234 1466
352 7012
101 1080
41 3418
428 1515 1917 2434 6046 6620 8201
483 7010 7913
530 778 6962
255 926 1408 2627
130 1673 2858
142 722 2657 3139
646 969 2713 3443 3762
7 1320 2975
223 836 5230 9794
280 3027 4071
443 1354 1769 1954 2772
11 2903 3109 3293 5812
368 765 1351 3050 3135 4003 4106 9320
321 741 2390 5072 8312 9555
209 972 1123 4064
712 772 988 2897
561 6419
39 1629 5625 5980 6624 6782
434
131 787 1043 3995 5205
700 853 1119 1424 5240
601 731 5884
139 1975 2391 5365
548 6498 7429
728 1068 7458 7854
486 5241 6450
502 936 1578
60
594 941 2369 3911 9344
377 5234
483 5292
181 1131 1539 2920 9415
162 3770 9949
338 1685 2712 7364 7696
720 4807 9619
44 829 2254
86 1055 1950
560
68
94 858 2443 3782 3794
150 1535 3379 3912
643 1191
325 2195 3861
666 835 2768 3527 4127
383 2611
390 921 1342 1828 8552
120 942
608 1008
82 1938 2883
379 980 6725
665
694 1546 1767 1888 2964 6533
462 1372
531 808 2931
455 3338
420 1344 2575
386 1017 1652
363
719 1453 4062 7337
189 891 1500 5045 6106
404 2952
667 2228 2790 3193 6891
127 1545 1736
178 1357 1852 2677 3641 9171
278 1454 3676 5794 7049 8760
722 1646 3719
72
674 1416 2316 3788
697 785
230 3413 4005 6134
46
709 1190 2962 4497
580 4798
541
79 2109
64 908 1067 2292 6771
342 2674 8328
111 2033 9128
775 5851
367 1168
726 2774
682 1254 1781 9979
681 1628 5669
522 845 1025
490 1680 5856
66 2820 4242 7372
327 1978 3696 3859 4305 7994
520 998 2969 4646
657 1004 4331
45 847 1044 1398 3882
132 2359 4382 9778
429 3618 3954 4147
332 2291 4215 4220 5410
187 974 1632 5183 6293
69 1279 1345 5490
364 918 1573 4436
598 1606 1682 2090
179 2871 3639 4891
305 848 1315 7957 9899
8 6044 6511
100 4228 9282
760 1696 2237 4261 5122
198
165
127 1140 1370 2918 4117
479 924
270 916 968
123 1642
167 1964 2906
215 914 1612 1740 3093 5386 8939
4 1193 1579 3482 5664 8635
170 2219 2238 4325
29 6161 9385
553 1374 2248 2643 3683
332 1215 1388 2490 5366
512 2309 3396 8218
71 851 7344 8733
495 4635
697
282 983 6820
470 2261
53 3951 4099
742 1042 1298 3802 5503 5751 8276
258 4738 5306 7356
53 1090 1803 6627
176 9220
133 2223
384 1969 2135 3423 4367 6059 6846 8417
750 1796 1858 2063
715 2187 5287 7544
693 1266
522 857 4037
698 1418 2633 2880
271 1523 4570
206 1013 1485 4306
465 1613 1722 1892 5499
295
683 4695 9430
790 4727 6704
441 1792 3697 3722 7120 8732 9296
796 1425 4690
805 1097 2927 4175
139 1548 2284 2342
295 1746 4206
823 1968
216
727 957 1040 1141 2139 6183
143 1107 3595 3622 8536
44 1845 2173 3490 4375
205 946 4520 6786 7581
838 2742 3259 4026 7878 8363
746 1910 2417 4915
481 6470 7644
55 1378
671 944 1095 1793 1939 3130
478 1961 3302 5118
264 1879 2002 2896
331 3254
442 4380 6515
145 1002 3180 6919
417 1706 2050
585 1433 4937
510 967 3412 4104
449 3819 6133 6418 7697
431
459 8789
348
418 1211 3191 5678
43
227 1247
184 1023
549 1179 2407
213 3435
57
487 1434 3278 6681
207 1189 1655 8199
232 2040 3200
671 1172 1993 4702 7130 8279
243 1641 3445
587
307 3659 6722
314 1405 4446 7277
605 3759 3996
424
766 893 1077 1555 1988 2092
201 1273
891 1709 2190
12 954 1948 2626
390 1648 4732
536 2329 2801 4896
334 2923 3039 9640
220 3328 3668
239 1220 1228 1270 5604 8481
493 1818 3712
104 7863 9751
308 6279 8179
684 1990 3083
169 1070 3361
193 1356 1543
42
390 1181 1577 4151 5334
782 1201 2177 2961 9317
383 1677 8823
659 3935 9214
6 1518 2108 2419 7928
401 1021 1260
409 1159 1397 3818
816 6437
520 966 3257 5599
813 5773
381 1508 3157
802 3897 8252
66 959 1280 1534 2059 7037 7724
701 2078 3457
752 1014 3283 3983 4058 5484 6562
115 1550 1694 2459 5443
401
812
295 7070 8683
710 4028 9799
662 1039 2145 2757 8405
202 1003 1085 2083
86 1267 1637 3437 5200 9757
352 1920 4101 6405
611 3447
298 1284 1480 1839 1847 4552 6379
118 1785
162 1231 1339 1752 5814
634 1524 6340
733 6004
333 990 1713 4180 6460
266 3162 5286
431 1784 2440
528 1072 1219 2372 5702
735 2016 3636
753 3972 7580
463 1445 2377 2818
861 4574
524
856 3879 7077 9156
185 1720 3145 4385
429 1381
73 1303 4621 8039
228 2869 3262 4315 5376 9333
244 1432 1878 2592 4085 8982
453 4086
423 3098
894 1106 2910 3966 4476
422 1281
364 3228 7092 8213
853 2148 4879
424 7927
919 1341 1495 5133
642 1287 4181
29 2865
192 1149 2993 9152
208 2679 6936
169 5090
112 1730 2681
915 989 1155 2275 4123
869 1116 3553 8907
813 1413 4153 6140 7602
713 1263 9380
240
184 2047 9437
721 1710
676 6682
800 1277 1428
82 2071 3331 5151
19 1253 2236 2684
479 1037 2613 8778
155
555 2388 2478 4204 7801
756 1175 3687
200 996
352 1157 2239 3440 7463 9880
826 1318 7044
583 1859
458 2777 8358
319
43 1572 2799 3205
722 1389 1658 3587 5782
966 1244
937 1840 2138 4723 5140
595 2439 8630 9725
103 3644
117 2302 3175 3494 4155 4223
639 1575 6413
66 2498 4060
981 1028 1636 1863
464 2262 4081 4959 5124 8610 9093
794 6135
266 1599 5364
395 2197
432 5327
866 1725 7763 9071
928 1304 4219
795 3003 4130
11 1932 2534 2861 5498
550 1237 1667 3889
107 1262 1292 1353 2272
754 2607 9382
688 1249 8547
404 1842 1943 3261
14
491 1312 1478 2990 3008 9025
841 1651
921 3723 9076
684 3390 3727 6821 9952
52 4614 6055
763 1728 5862
367 2699 5141
476 1288 1528 3385 6789
354
912 1576
491 8904
877 1205 2749 5978
344 3372
790
642 1171 2634 2815 7229
696 8780
996 1904 2405 4030
502 2249
562 7711
410 1180 1196 1675 1804 3247 5768 9550
671 4820 6217
186 4050
699 2276
224 5571
80 1717 1891
977 9653
133 2551 5067
927
853 1426 5370 5535
695 3554 7118
829 2091 6737 8329
726 1733 6555
796 1385 1885
317
8 1359 1718 3933 4456 6708
207 1120 2100 9862
7 1061 4391 7672
153 2242 2668
202 5294 7555
207 6990
360 3286
287
395 1634 2191 2966 5923 9249 9674
743 6384
20 2811 6848 7357
79 1096 2468 2531
414 1074
642 2594
118 1256
1048 2037 5170 8714 9907
60 1185 2760 4461
507 1608 4828 7052 7467
382 7378
321 1337 1367 2001 5449
564 1082 3400 8119
782 2870 6037 7676
731 1627 3620
294 8409
904
484 1174 2744
940 2270 5485
251 1854 1921 2561
1058 7250
75 2806
568 1130 1176 5517
891 1255 1393 2759 2954 9348
284 1965
534 2216 2680 4405 7563
705 1414 1623
653 3465 4022 4775
1066 1881 2085 2552 2817 4100
197 5735
625 1816 2124 2902 3533
928 2914 3963
372 1178 1206 1521 2911 3047
587 4633 5173
135 1462 1747 3053 3354 6635
396 1869
831 1309
321 1362 6629
478 1819
266 2200
194 1391 2321 4467
861 6878 6937
1057 6797
848 2953 3630 4339 6021 8247
95 8108
273
677 1595 2457 2789
363 1187 9407
54 1164 1258 5270 8208
87 5055
107 1138 1827
485 3138 3403
954 3415 5688
854
590 6093
480 3605 5041
274 2373 6327
271 1311 1967 2278 9055
285 3689 3706 3714 5760 6189 7442
174 9691 9913
124
317 1865
967 1708 1801
639 1236
115 5103 5203 8470 9692
727 4966 9047
1047 1382 4752 7195 7659
525 3810
656 6869
721
32 1589 3409 6568
11 2128 2667 5352 5924
413 6051 7395
391 1226 1674 7605
11 3470 4257
221
1076 2868 6607
738
182
211 1143
14
524 6728 6730
329 2396
679 4655 9656
1104 2160
543 3742 8162
811 1894
853 2756 9327
403 2362
1133 2463
131
57
86 9955
175 3573 6110
259 1604 1633 2051
962 7947 9920
25
408 1229 1889 3874
142
84 1210 1626
49 1214 2504 5210
966 3320
345 3542 3830
982 1467 1756 9208
488 3122 5556 6156
913 1330 2595 3461
13
224 5590
193
80 1557 3976 8796
1102 5269
421
408 2241 7242
278 9770
786 1182 1239 1438 4288 8606
557 2847 3043 6813
122 2718 9352
1026 2761 4036
884 4662 7699
395 3431 3753
1071 1242 3729 9535
980 1504 1856 1896 3701 3708 5314 6271
1076 3596
437 3118
1086 9876
878 2314 2464 3230
1031 3234 4016 6395 8546
907 2479 4522
1168 5826
655 3133 6287
693 3524
1062 1570
230 2218 4801
1101 6784
257 7032 7535
882 3501
778 2056 2409 5976 9179
748 1278 1574 2121 2512 5940
639 3663 4256 6383
817 2042
139 5061
391 2776 3816 5444
1031 1197 2204 4052 4496
1196 1271
77 7505
606 2618 6700
175 2026 4324
908 3808 5522
19 1603 2413 2486
477 1547 1596 3023 3442 4074 6824
405 1644 2112 4709 5263 6126
1023 1241 3327
1086 1597 2379
511 2140 3179
339 6045
146 1222 2515 3792 4358 5555 8551
1153 2533 7886
874 1516 3584 3730
253 1683 3862 4742
125 1333
1154 1324 1913
821
358 2365 2877 3715 9820
597 4541 5420
499 1429 2269
940 2853 3860
899 6085
336 4842
1209 1269 1368 3075 3273
507
268 1564 2295 4512
585 1661
1127 3428 4318
407 1332 1533 3181 3868
899 1758 2105 8593
1151 1350 1941 4303
96 4637 4683 6806 6972
934 3624
481 1705 1714 5332 5774
424 1510 1953
703
58 5583
1117 1435 2597 7238 9813
1006 1386 2014 2585 5032 5268 6863
626 1571 3203 6721 8558
1168 4501
152 7112
1205 1400
1174 1283 7252 7503
143 2665
989 2211
679 4143 6715 8576
160 2851 5280 9117
876 5195 7163 7911
413 1328
1009 2882 3821
671 1903
289 2087 4480 4714 7761
170 1895 7810
976 8644
788 1310 2731 6068 6206
1077 2554 4248 6669 7681 9279
1060 3159
239 1936 4848 5220 6129
1102 3637 9804
628 2244 3870
912 4287 4940 8340
66 1919 3375 4376 6296
1007 1477 2310 2726
969 1880 3255 8178 9242
81 2943 3851 7062
254 1639 3939
837 1654
929 2222
286 4958 5873 6124 6483 7304
1222 3518 4831
899 4185 6471 9205
1197 2773
537 1916 9580
892 2285
584 1814 6849 8232 8935
237 1349 1427 4815 8580
140 1588
974 1664 3872 7360
1191
801 3279 4146
919 1866 3368
955 1334 2900
216 1559 4090
1242 1645 5448
932 1409 3835 5164 5572 5882 8403
439 2024 9594
598 1293 1846 4909 5308
960 7781
1019 3355
669
285
500 2687
1007 3508
1286 8868
539 2069 5114
380 5955 7472
494 4605 8046
95 5189 5900 9001
829 9074
455
127 1780 2280 2852 9354
1 2995 5033 5053 5844 7685
81 2035 5670 7389 7893
949
1003 1807 2720 3544 5430
601 6320
72
373 1876 3251 7386
608 2049 2217 3682 9497
1090 1825
1254 1449 4653 5749
1111 3131 5957 7625
1012 5343 5552
254 2273
338 2755 2810 5264
805
187 2725 3986
6 4269 5162 7746
983 3363 4109 4395 5463
363
714
190 1924 8300
396 2539 4330 6796 7958
330 8204
1214 1355 1649 5929 9321
558
146
187
1248 2470
318 2149 4004
1159 1517 3847 7243
515 2925
1227 1552 3150 4944 7228 9082 9120
1213 2652 5208
1281 2683
63
449 3833
1065 3246
405 1700 3071 3909
934 2502 2577 9888
527
959 1527 2545
752 1901 2336
488
762 4832
801 1688 2571 4276 5603
440
19 2538 4426
205 1886
1275 5320 7507
1229 2499
719 1376 3073 3863 7024
218 5991
1007 4771 6144 9275
717 3856 8383
1324 1826 5023 8973
905 5585
770 3842 4524 6968
602 2873
1046 4625 5510
532
258 1841 3082
1091 7852
49
299 1491 6895 9312
62 1739 5725
218 2141 3733 6266 8839
1065 1412 2322
1222 2193 3386 5400
299 3127 5494
811 5854 9551
274 2150
759 1475 1549 2234
84 4174
820 3728 8834
275
1351 1659 1989 4080
490 1701 2028 2813
860 1928 2070 3333 6529 9007 9070
123
322 2475 6743
948 1457 1783 7301
1120 1406 2854
44
457 2715 3240 3578 3975 8642
1044 1704 6262
1237
46 2134 2156 7493
821 2651 3944
988 1802 2959 3988 8508
114 1925 4573
1094
106 1982 4785
1077
321 6210
447 2318 6701 8248
615 2226 3604
913 1923 7181
796 2208 4974
92 2185 3121 7873 9204
1241 3392
338 4619
415 4961
278 3266 6295
198 3772 4084 5765 6256
888 1444 4326 7090
1382 2481 5684
35 2151
710 1484 2781 4964 8308
1284 3144
419 1759 1810 1897 4867 9832
199 2065 3738 3949
1367
968 2441 6098
1080 6201
248
774 7901
68 2097 2875 4095
839 2497 4790
271 2203 2304 3142 4091
248
631 3113
355 1671 3692 7486
370 1750 2186 7124 9219
727 6145
847 2233
1040 3654
1275 2601
974
1218 8473
138 1806
304 4383 6188 7803 9198 9231
951 2175 2467
868 1584 6198
881 2088 6510 7938
1236 1490
604 3795 4578 6746
331 2036 5746 6239 9412
1168 1567 2341 4841 9258
56 1611 2523 3473
457 2423 2703 3184 4019 9936
256 4629 9088
168 2258 6929 7182
194 9136 9226
1405 1464
943 1609 1624 2823 5770 7679
329 2062 2506 4355
330 2333 3317 3365
329
1310 3631
222 1465 3612 4176
475 3214 5968 6557 9215
254
765 1763 4903
771 3985
201 2748
567
1381 3896
140 2535
69 8152 9726
152 1999 4267 7870 8528
397 2424
1088
519 1691 1794 2621 7410
1444 2524
1450 2582 4263 5539
703 3340 5089
1157 3271 5681
399 2460 6648 9429
166 6277 6744
295 4308 5742 5810
583 2075 3398
80
146 2492
609 1587 1591 4390
1372 3895
302 2632
1262 4930 6781
1012 9272
128
932 1719 2044 2331
170 3575
290 3381
112 3126 3558
1408 2415
841 1723
304 3693
371 1558
626 2246 4078 7656
194 6451
1435 1761 9773
1364 2764 5659
261 2058 2564
520 2382 9854
294
959 9297
683 1681 2430 6163 8065
560 7855
357 4403 6996
244 3221 4335
766
326 1811
660
358 2732 3018 5393
1175 4046 5665
571 2084 4519
582 3550
179 1786 4262
917 5965 8401
202 3152
1233 6101 9915
348 8459
590 2158 2901 3314 7895
556 6484
421
707 8894
1211 1669 1930 9579
1330
911 1721 2431 5847
445
524 2303 3313 9802
1086 4198
641 1562 6335 7439
840
935 2358
436 6005 6514 7248
482 1899 1986 2562 4895 8324
1341 1798 4200 5910
1019 3971 4687
222
490 5120
361 2282 2445 8866
519 1656 1672 1855 5021
1227 6218 6693
919 8858
747 1542 5528 6338
510 2079 4319 4787 5322 7241
687 2235 3265 6633 7169
676 7634
738 1944 3564
443
624
1535 3420 6459 8283
905 2201 9273 9959
277 4514
769 1621
758 1670 3052 6651 8877
1203
849 1900 4812
1372 2826
922 9596
109 1660 2860 2872 7384 9037
1332 5687 6196
582 5233
518 2717 9414
891 3326
66 2214 7452
1163 2604
1487 1960 2162 3455 5913 8562
1282 6219
202 7582
135 1905 2003 7974 9800
1522 1737 5102
430 4960
1224 2807 3700
7 3941
653
1438
456 5127
102 4898 5146
1185 3444 4177 9668
1238 1590
987
802
1191 1926 4073
994 2281 9471
1021 4281 6839
907 1850 5776
733 2617 7728 8957
817 3100 3244
588 1995 4289
566 8437
181 1690
340 1762
1433 2259 5704 6171
237 7079
261 2666 3384
1474 6867 7387
1276 3775 8461
1124 6197
1571 1602
1474 3166
491 3887
603 1912 2221 4111 6770 7594 7851
439 4649 7569 8612
1100 1698 9252
1203 2635 3477
1206 1765 2570 5298 7057
264 3632
999 4836
611 2908 3401
204 4196 6876 8430
1590 1711 4893 4919 5460
1202
1148 2948
233 5007
803 5411 6240 7317 9532
245 4507 5830
1063 1715 3128
1445 2381 3511
397 1831 3690
1439 7714
816 4388 5727 6724
842 2754
134 2054
370 2299
92 3077 7546
460 7774
220 1976 4513 7998 8906
488 2987 8486
472 2609 3033 8241
1545 5615 6490
691
1080 2013 2507 3739 4598 5937 6512
1445 2114
259 1833 5423 8758
1153 2271 3112 4012
1068
789 2317 2729 3038
724 1844 2116 3467 4568 4846
305 4561 8639
64 2093 3471 7492 8631
800
1148 1813 4015
1054
358
996 5915
929
650 2089 4551
1265 5467
160 2710
885 4717 6604
814 4523 8188
695 2019 9364 9490
1204 2133 4199 4469
1283 4302
772 2008 3072
221 5225 6122
895 1776 5005
1324 4416
181 3040
1013 1726 4532 6531
763 9431
548 2795
1266 4107 4498 7579 7640 9973
882 2179 5647 6785
1532 1703 5843
400 3358 5097 7480
988 1707 7575
1376 9150
1551 5416
1225 2263 6023
14 1734 2599 3475 4595
19 2165
1277 5685
653 2501
422 3012 3153 3686 4648 6982
1006 1805 8224
412 3045 4128
1516
1546
1422
1532 2289 4032
711
1127 5374 7549
1031
356 4450
909 9861
504 1937 3288
222
791
1496 5906
803 4483
1212
562 8730
740 1695 2446 5246 6083
371 4508
513 2032 2442 2487 3815 4489
1345 8048
617 1914 5939 6717 6732
1582 2845
1463 4826 8688 8743
48
641 6805 9482
922
1685
808 2985 3843 6137
288 3892
1595
346 5395 8568
1338 1979
1377 2603 2639 4535
344 8479
1656 2174 8286
1385 2107 2659
1232 3217 7753
867
1658 2930 3432
1116 2164
893 1743 1970 2335 2745 5342
972 2031 2951 5145 5275
1602 2064
100 2709 7520 7975
937
1232 6991 8354 9995 9998
1608 2086 9702 9946
8 7990
1036 1731
1046 2837 5415 8967
1480 2885
947 5677
1518 1945 5631 7156
842 2519 4660
1485 2274
107
1002 2581 2788
1651 8751
258 4191 6496
1017 1977
181
965 5836 6230 8554
1717 1788 2977 8159
664 2171 3491 5887
1043 2131
1662 2393 2965 3803 8275
374 4639
769 2198 3160 4427 5741 6758
1562 3136
529 2844 2921
1365 2178
816 2152 2653 4418 7102
6 2279 3204 3678 7618
433 2884 2968 5506 7314
1709 7540 7881
508 2355 2408 6250
448 2023 4576 6345
850
1088 1764 1768 3183 3751 4035
684 5652
350 9018
1423 1824 4487
180 2212
934 7722
305 4424
20 4457
604 1868
1157 3616 7522 8476 8495 9565
520 2616 2849 2878 3249
1228
1410
134
1490 3196 5567 7824
1583 3044
1453 3938 7021
1747 5624 7093
1597 2508
26 2119 4657
758 3651
1747 9837
717 2180
179
113 3289 6088 7006
398 2550 6259 7876 8227
174 2207
211 5488
641 2305 2690 5632
1648
380 1974
526 3086 3171 9085
320 2833
1300 2169 3134
788 5474
388 5472
1381 4229 5237
939 2045 6136
933 1955 6356
1507
393 2660 8617
1731 2243 4279
402 2352 7837 8255
457 7790
564
846 2137
861
1463 7307
484 3339
835 3097 6939
549 5536
1527 2076 5772 7259
71 1848
663 1887 2835 5708
1116 1933
1389 6036 9991
831 2256
1031
1667 3922 8153
1430 2929
1304
294 2673 7199
329 2378
1410 2102 2505 4610
1501
532
1633 9020
1274
561 2780
1084
461 3298 9105
900 2337
1092
644 3462 4991 8207
101
574 3276 6579 8301
581 3325 8902
1750 1959 5425
1309 2082
1355 3190 4328
1104 2438 3182
752
574 3480
653 2385 2697 4212
1610 8455
119 2916 6933
1625 2125 3713 6251
112 7637 8013
553
670 3451
185 3312 5963
309
932 2503
990 2055 4861
1361
1010 2922
377
1629 3734
855 5547 6065 9347
1286 6273 7538
932
1799 7379
643
1577
696 7954
770
136
1073 1884
1532 2450
1175 2933
512
835 2374
984
659 2327 5579 7663
549 3006
367 5565
996 4065 6020 6760
615 6795
1115
1280 4274 5207 6943
483 2797 3341
1755 2763
1089 2294 4835 8397 9306
538 8450 9462
89 4245 7993
214 7815 8339
351 4935 7979
186 3817 5533
284 3857 3883
1307 2343 9807
406 2067 4363 4470 4474 9698
951
863 3576
1263 1935
1082 3057 6430 7141
489 3509 3974 4794
635 5144 5943
1854 2573 3749 5361
1044 2025 2636 3953
1348 5762 7074
1800 3645 5175
758 3556 4609
1151
126 7946
1036 5368
842 3267 3790 6095 8184 8540
578 4020 6882
1140 3334
1252 2118
1175 3798 7427
1410
237
1526
1548 2422 2469 4205 4870
1342
574 3156 4329 5743 6851
1250 2376 2466 7254
1028 2020 4431 6853
1561 1927
50 2411 2650 8589
375
674 1981
622 2648
858 3888 4422
422 1996 8742
1593 2265 4859 8673
1214 4393 6525 7438 9404
1689
351 3534 8647
1272 2146 3034 6739 7723 8745
707 2462 2887 4735 5385
460 3800 5867 6305
1261 2786 3929
930
1073 2904 4222 5783
394 4294
1397 2094 4914 6756 8217
1321
1390 5013 7407
1574
1905
1378 6953
646
1516 3489 5703 8543
139 5581 5958
1005 1952 4442
1801
114 2610 3308 4665 7704 8389 8727
1880 5337
1257
1678
755
861 2176 3591
211 4993
1229 2224 2996
678 5357 9353
1010
1539 2364 6883
1721 2792 3213
452 2168 2855 3021 5634
478 7117
894 2181 3374
647 2202 3541
743 3497 6048
574 5649 8945
1932
1233
717
1785 1980 2482 6580
295 9588
348 1966 2328 5724
672 2313 2474 2620
1824 2473 7374 9098
1558 5617
862 6523
432 2401 4061 9313
41
815 3163 5117
1078 2448 4517
1957 3366 4851 9515
1111 2360 3307 5256 8290
851 7529 7798
834 2005 3904 5281 5759 5985 6177 6547
1709 2693 3151
204 3903
443 4945
267
1777 2406
729 2805
1618 4402 5080
1728 2290 5358
793 4077 6063 9592
1700 3186 6829
1955 5016 6113 7809
1908 2421 2600 8601
1392 2994
435 2213 2598 3080 7285
390 2649 3114 3216
462
1526 6987
524
891 4346 7235
1376
903 5028 7268
509
8
884 3495 5051
694 5052
1580 2727 7918
1911 2527 7726
305 2891 4298
274 3360 4804 5085
1460
379 4396
1065 5321
863 2559 3528 4515 9841
1561 5260
198 4366
1969 5209 5355 7287
110
275
1646 2338 9768
606 6178
637 3625 4299
506 4553 8030
215
1623 7933
1237
270 3917
941 3629 6809 9469
496 3900 5070 5600
316 6465
1643
1904 4140 8775 9826
487
349 3825
1745 3980
1285
1885 5511
1200
268 3024 3095
1377
191 7751
299 4918 4926 6572 7489 9021
1710
1687 8911
784
226 3731 3806 4110 7984
1302 2375 3446
1437 4482 5482
1061 4509
497 4685 9005
315 2383 8320
883 3004
492 2945 6213
1193
389
1480 3378
1784
694 4300 4312 7042 9695
971 7533 8114
445
1308 3930 8607
867 3117 5534
1148 2427 2698
137 3646 5738 6408
266 5076
1614 4217 9496
1840 2986 7694
1190 2926 3536
493 2395 3343
1492 2493 2724
919 2386 4734
478 4938
184 3104 3173 4492
1446 3096 3137 4233 4544 8120
835 2188
1711
1411
521 3063 9113
1877
156 3907
1294 3463 7381 8950
1378 2808 7960
975 8269
450 2578 6727
56 2779 5908 8193
564 2250 2589 5602 8497
1471 2340
1798 5232 7454
104 5455
920 3774 4428
1536 2166 2544 3101
337 6087
80 4290
1825 2320 2458 6922 7362 9455
928
1505 7153
1082
1715 3001
1251
1434 5154 5618
1638 2830 5927 8368
803
1042 3026
891 3994
1631 5396 9459
1923
293 5643
518 3301
1417 3158 3552 3791 4178 9477
119 2762
585 3539 5540
1047 4009 4536 6022
254 7543
1810
603 3310 4321
691
1228 2664 6108
668
1704 2307
911 2625 3448 7572
781 3674
486 4700
479 2115 3388 8161
1204 2525
697 6073 8434
1624
2111 2691 4745 4936
1629 5316
518 4041 5437
1895 5311 5481 5848
1766 5554 9872
60
1191 3672 4857
43 3066
373 2339 8186 8216
1084
1833 3211 4484
231 2637
650 4370
1125
162 3198 4282 8150 8927 9398
622 2500 7903
1733 6762 8966
293 2630 3760 6871 8428
1644 2874 5479
1387
834
155 2298
1792 2394 3756
990
853 5181
1207 5131
1366 2363
208 2286
38 2862 3840 8413
180
927
1916 7490
697 3016 4343
957 7830
1329 8309 8416 9793
1371 2435 3048 6444
1407 4678 6563
1740 2432 3129
276 3046 4024
582 2671 6847
521
1387 4168
589 3116 4103 5872
1512
691 6448 6524 8441
1138 7262
303 5022 8024
1558 5446
539 2426 9548
1708 5905 9216
1663 2293 3042 3438 4419 8981
2079
589 2642
1946 2323 5769 8190
1780 4902 5516
660 4093
1732 7219
553
855
1703 5315 6861
1432 3656
1939 2608 3466
908 2907 3161
1739 4912 5878
1655 3537
1769 2728 3345 3430 8792
1948 5403
455 2206 2970
586
189
1399 3901 4399
1423 7258
836 2348 4973 5611
2063 2437
182
893 2658 5255
1054 2485 2700 6360
589 3698 4566 6003
1368
110 3410
749 3481 4352
277 8643
1000 3498 3877 6733
1736 3664 5197
170 4554 5690
1093 4253 5817
1543
1949 2580
1419 7701
1196
104
2182
1773 3460
1398
293 8117
667 9061
1244 2992 3421 7095
1751
1983 4556
1556 2941
179 3099
1079 3332
1308 4407
1186
818 9815
342 5553 6116 8297
1593
1267 2701 5816
833 3545 5417
1941
663 3837 7757
1396 2436 2955
402 3956 4316
768 5247
212
49 2682 6997
208 5345
259 3961
1425 9366
1372 6420
1537 2670
976 3414
808 5384 5920 7416
818
982
616 2283 4252 4420
1166
1049 5185 5695 6298
1788 7380
1259 2848 3252 6072
371 3055 4725 9863
1488 6856 9805 9827
469 2300
820 2542 4897 7397 8173 9525
1029 2472
2074 5402
239 2685 6894
203
690
742 2403 2707
441
1803
680 2518
1442 3779 6903
1584
285 4953 7988
827
997
1661 6363
543 2402 2867 5064 5713 7551
1912 5866
330 2963
496 3590 4452 7218 7413 7532
280 2345
1218 3094 4546
1072
1626
1007 4583 7617
1313
1723
966 3049 6357
1034 2428 3793 9269
126 2306 2392 3945 7333
1111 2444 4373 4584 5000 5699
1741
1300 4014 6567
1575 3828 4656 6385
1531 3517
2240 4241 7915
849 2675
1273 6236
2142 5975
297 3208 3769 7324 9059
555 2454 4137 6125 8854
1672 3853
1977
799 4042
782 3007 3703
2165 2399 9334
1869 3720 5288 5421 6518
1224 2791 4360
396
309 6223
2136 6807
1615 2714
2247 6528
305 3890 8698
993 3823
1520 3187 4479 8098
1419 8746
1775 3079 5457 6638
2277 3172 6314 6475
2107 6951
249 2976 3068
822
1262 2389
111
486 2587
1958 2480 3468 9237
1179 5350 5781
491 2751 3348 4933 8484
774
1628
1395 6123
455 2547 4237 4295 5125
2082 4156
1094 4166
1367 2796 8700
2168 6833 9519 9745
56 3594
372 9165
328 2956 6439
1860
1957
896 4051
498 5793
1480 5492 7818
409 4348 4429 6950 7246
1447 4885 8810
201
1709 3292 8560
1342 3936 4977
1818 4976 6553
2008 2566
2123
2075 4830 7084
1438 3425
849 2624 2982
1876 3346
112 3106
2268 3804 4141 5996
244 4167
592 4819
2187 3827 6359
450
246 7512
614
1789 6576
525 8588
656 4234
1744 5740
125 3677 9177
55 5807 7667
1524 2654 4488 5835
797 2919 3201
1967 5390 6828
148
1142 4571 7885 9246
2141 3394 8799
1944 6309
1216 2767 5129
274
187
472 3626 4922 5800 9396
735 3968 7300
469 7134 7450
473 4297
940 5193 7087
1110 4413 8598
1858
2035 4033
1903
943 3376
1809
1206 9416
675 4322 7402 9186
1609 6977
1493
2039 2572
701
1830 4406 7794 8172
2059 3382 4341
415 4689 7031
979 2734
2310 5217
720 4270
729 7159
2277 2418 8264 8451
1734 4731
2137 8582
2057 5098
1136 4671 5889 7571
84
437 2596 3516
2293 6058
339 2669
1962 2565 4679 9476
2264
2254 5001
275 3600 6209
1028
1974
878 5573
1744 2615 8168
1190 7537
681 4855
1906
413
1202 9666
334
1484
86
858 2708
2392 2520 5691
911 6803 8768
255 3199 5764
1981 5250 7671
1900
1440 2612
1461
322 3316 6559
2163
2051 3219
2276 8741 8931
483 3780 4120
1496 3362 6967
1518 3336
2152
565 3875 6697
707 2719 2785 6013
2150 7425 7817
2226 9081 9758
2188
1827 5360
991 3597 3613 7026
939 3188
1413 3105 4604 7291
1687 2881 9202
746 4188
2278 4493
1531 5777
1685
635 5994 7682
1965 2528 2857 2934 8828
571
1855 9686
80
605 2614
124 2696 4369
2288 2972 4947
683
214 3165 6931
1100 3869 9618
2082 4192
922 3493 6639 9591
1468 2530 5349
310 3239 3885
1917 2888
1143 2822
1179 3391
143 3351 4997 7968
1903
1432 5748 8837 9405
1057 2548 2838
1900
1328 3952
262 5542
2249 3504
1959
1958 3272 8890
1380 4849 5040 5109
197 2850 6463 7959
588 3538 5476 9022
979 2553
1181
2313 5438
1406 6474
1955 3349
81 2746 3087
576 5809
2191
1202 2716 3056 3353 4491
1687
68 9557
282 4225 8154
821
361 3253
1473 5651
2058
682
691 4226 9736
464 3108 3433 7653
1418
995 2766 2794
1350
2130 2739 4559 4845 5215 6910 8169
1665 2569 2892 3932 5436 5790
1339 7007
1839
1154 2541 7194
1810 2846 2864
1446
1623 6019
1765 6623
231 3950
545 9066
167
1191 3957 4285 6103 6225 9244
617 2988 9785
478 4667 5155 5833
1209 9423
294 3059 3796 3820 7330
548 5106 8171
2257 5926
1722 2905 3744
2418 9742
308 4307 5588
549
1439 3561
1464 3893 6778 7329 9526
2112
353 3260 3284 3758 8629
1996 6104 6610
2448 4096 6421 8291
690 4627
2460 2568 3572
1057
25 7926 9140
1210 3373 4860 4923 7613 9981
1005 3568
1458 6631 8507
231 5576 7633
60 7904
1347
1322
1 5541 8228
2504 7732
2248 2588
17 3660 3999
2079 4072 8342
1341 8522
691 4313 6671 8421
2319 8521
2468
431 5426
1772 4983
1038 6665
1082 4763
2478
1255 8889
167 6254
129
243
102
2002 3666 3921 6948
574 3838 5791
1073 3013 3582 4579 5244 6157
1526 2752
450 7269 9451
1492 4076
2401 9761
2338
564 3634 4749 8997
2530 3579 3640 8165
2501
1597 3305 4189
1345 3679 6578
2383 3060
1884 8471 9466
107 3814 6333 7635
762
476
1339
2072 2989 3737 4132 8157
571 4516 5008
2202
1725 3585 4275 5310 9230
1465
74 4236 4800
110 2937
1237 4439 6010 6672 9589
330 3148
2312
2542 3041 7588 7864
2074 7731
175
283 3078
951 4494 5570
322 2839 3277 3934
1059 3948 8493
1159 3300
2398 4708 6234
1236
1983 2641 4486 7373
1662 3486 4157 6879
1981 5935 6297
1427
327
1701 5850
1557
37
354 3906 6684
1008 2629 5973 9697
2176
1620
1934 3726
751 2984
2423 4040
977 2678 5692
2452 3054 3264 4615 5212 5375
2408 3220 5922
1757 2721 6590
1578 9094
1199 3743 4179 7069
124 2841 3970 3998
1958
1463
54 3441
72 8394
2342 6289
2108 4113 4129
894 8095
710 8766
387
2607
2132 4409 7078
78 2672 3614 5126
1476 6427 7116
839 5075
1026
1596
1885 7013 8007
2126
79 5015 9707
1701 2958
113 3699 4342 4547
2598 3649
2167 4277 8711 8864
820 5898
451 2758 6831 7076
487
43 9338
459 3580
1909
1984 2980 7733
1906
1388 3022
1333 3337
1740 8385
2358 4791 6029
424 8111
381 6346
712 4118 7080 8734
2190 7325
1704 4357 6713 8836
1787 2770 3898 8577
556 7000
433
391
2105
1243 3623 8277
1586 3011 6194
1125 4664
1049
2400 5950
2235 2946
2154 5147
2631 5892 7085
1808 5796
783 6261
2284
413 3555 8404
770 4259
2613 4059 4455
963 4485
1079 6084 7131 7345
965 3393 3459 5842
2230
1334 8800
976 3503 4437 6844 7680
2251
356 7319
1291
599 3549 8236
619
1775 2879 5936 8378
2115 5399 8565
427 4187 9225
1970
537 9427
555 8574
2453 6865
1830 7371
2051 3841
1018
2191 6025
2222 3070
340
1440 6906
178 9086 9505
445
89
2254
2417 6687 8926
1712 2771 4350 4410 8637
1640 4092 4843
65
740 4468 6500
713 4786
2299 2842 5180 9567 9652
1384 5219
2486 2940 3032
1554 9708
1170 3721
2434
1304 6571
2616
171 5401 5636
70 5666 5984
2058 3811 5491 7237
1316 7064
1262 7233 9961
1995 6554 8678
2180 2899 3831 5979
1628 3330 3891 5409 5911 9144
534
1254
1503 4218
501 4981
2388
593 5909
485
584
376 3176 4811 6585
2500 2840 9389
497
260 3167 6416
857 3990
693 5027
1071 6884
1709 4451 7725
2483
544 4979 6222 6350
1455 3124 6965
1023 3058 7367
513 3062
2315 3223
2562 3694
262 2824 3069 3526 4063
1613
1314
1141
927
2644 2798
1077 9661
1062 2814
1171
2098 3718 4716 5262 5982
1868
1491 9930
48
2498
2365 4368 8944
750 4506
252
2660 2944 4530 8614
2709 4314
717
1271 5837
787
99
1195 3268
985 3854
213 3512 4963 9064
2073
1815
1408 9168
694
417 4353 6845
500
2434 3852
1919 5714 7907
525 7622 8663 9603
1725 9662
1100 4010 7775
768 4214 6326
2295 5295
1945 3540 5116
389 3287 5057 5101 6994 8704
2498 5096 8638
1653 3125 3485
2322 3781 6173
1867
2758 9161
987 2866
101 2924 5191 6107
896 3522
695
251 2983 3521
161 2979 5974 7048
1975
1075
1564 5119 5897
2070 8561
687
1314 7782
1056 3263
289
1377 4425
2760 4278 4408 7355
1026
66 4372 8377
1082 3916
943 3123 3559 3669 9767
326 3210
792
663 3344
2463 6592
1445
2753
489
1549 7135
109 3458 4249
132 3243 4448
426
2089 5042
596 5657
114 7684
1779 6389
261 4445 5339
1800 2915 9175
310 3304 4150 9432
1718
2468 3074 8221
2593 2978 5680 6388 6881
2739 4802 5881
2619
2714 7028
197 6111 6115
1738
1690 3927 4194 6229
2505
1169 3329 8465 8509
2244 4672 7499
1757 4158
2476 6753
1246
1300 6400
1219 6551
1382
1946 8807
197 5747
2448 7303
711
230 3303 4706
1551 4145 4540
1005 4764 5171 5597 6481 6678 7986
2143 3202 6818 9601
286 8431
2505 3235 3750
961 5798 5981 6246 7808
2799 3577
2264 4216 6462
1130 4364
950
1067 3067 7558
804 5952 7900
1551 4603 6339
1358 5890
2133 3424 6164 8941
1417 6959
476 3427 4125 4806
1216 5159 9604
1757 4232
2690 5266
839 5667 9422
2442 2886 4121
1249
755 3237 5891
1742
1719 6487
2881
1917
2462 3786
252 6252
554
1997
2501 5030 5044
368 4988 6091 9611
658
556
863 3035 6755
722 5671
579
2728
1281 7326
1512 3525
1084 6152
718
1921 5405 9135
2519
815 3285 4211
2177 5329
1600 3648
354 6916
954 6560 8298
1086 9570 9688
594 3290 9280 9783
610
1085 3294
2835 9498
1832
10
811 3619
2359 3028
738
1738 6595 9439
1842 8192
897 3799 4677
2800 5566 8693
1331 3617 3834 4251 8372
2056 7409 9245 9976
848 4911
482
1806 4463
1707 3120 7208
760 3081 6009
447 6615
1856 3778 5163 5408 6391
2448 3170 5753
599 3030 8757
215 9790
2584 2950 4531 5372
638 3452 4504
263 4265 4718 4834
2716
2214 8788
661 6184
1264 4068 5059
2770 8666
2041 2971
2670 6158
630 3884 6826
1604 3530
476
2937 2973 5065
1710 4462 5439
767
1097 7083
1077
2226 3258 6070 6774
2326 8928
460 4333 8901
2639 3456 4809
1389 3411
132 5213 7003
908 3297 3405 8820
778 3206 3407 7619
2266 7232
758 3937
1734 4693 5297
1054 4847 6971
123 5707 9612
1742
794
2182 5799
2945 3801 4138 9099
2454 6613
2950 3502 3610
317 5637 8272
714 4989
2308 3836
1731
2839
2804
2649 7839 7847
428 6310 9917
2342
2803
2611
1696
2055 3704 5849
1619 3748 5238
2513 3242
2578 5805
1012 6303
143
2211
962
1982
1301 6860
1941 5719
281 7517
246 3146 3197 3560 5346
511 4108 4924 7158
223 6898
2086 3601
383 9262
1004
2040
231 7284
1861
2292 3993
1012 6332
25 3318
692 7205 9340
2666
1666
2561 3031 4500 7200
324
695 5627
2147
480 3319 7295
1503 5136 5309
26 4349 7552
335
1946 3647 4193 8118
2651 5568
1203 7766 8035
2027 6074
118 3567
2091 7197
716 4949 5363
2919 4183 5252 5818 8539
69 6423
2935
3013 3195 7530
2716 6200 8713
1620 3958 6812
1916
2896 3492
101
212 6934
1628
897
1650 5861
2588
2165 5736
1169
1762 4558 9149
1668 7396
2153
1086
2150
2275
719 9363
410 6371
1546 4172 6549
1088 7592 8687
2614 3352
2245
2486 3311 7756
1881 3621 4788 8963 9445
2749 4824
2516
2572 6374
519 3562 4490 7835
2750 8618
2066 3236
67 6857
607
2122 5907
2870 4747 9356
2308
2753 6089
2701 4628 6369 9235
1338 5578
1646 9078
1351
2838
1222 3306 7334
44 3364 7173
1616 5537
2591 3406 3824
2305 4377
1983 3224 7071
2931
1361 3724
903
664 3350 3571 3675 6921
664
1778
2483 4131
66 9743
509
115 3119
109
345
816 3207
2269
2027 6268 6280 8029
2062
1796 4645
953
2215
1579 3569
2079 4784
627 3245 3764 4210 9870
510
2061 4102
2441 3638 6808 8442
2344
455
2496
718 3464
127
550 3450
1626
1421 4115
1984 3189
695 9173
2157 5521
2050 6411 9723
1177
3090 8062 8419
2930 7422 9667
1399
1158 4000 4208 4822 5456
2818
2748 8649
2795
1483 7882
1369
1608 6364 6433
2152 4231
861
1311 3673 8310
670 8015
1183 5855
1780 6874
719 3608
1737
2062 5917
1105 3928 6634
712 7721
677 6077
470 8763 9015
1419
58 6589
1409 3324 8054
947
2998 4057
627 4518
2586 3226 8696
675 3380 5520 7151 7187 8616
1332
1970 6272
1509 6150 6227 6960 7172
1666 9789
541 3978
449
1902 5419
917 8626 9229
2097 5608
1256 6859
1736 3589 3848 8897
2177 4589
938 5811 7198
1964 4124 5254
356 3238 7449
2456 6080
1591 5558
2741 5489 9622
700 3295
459 6706 7298
2934 6670
1778 3194
2306
2061 8349 9174
345
993 4264 4701
2738 5206 7091
608 4105
259
1207 4067
866 6365
1227 7715
1827
1747 3270 6548
1440
396 9766
1979 9035
2303 4874 7560
2440 3627 4624 6031
3114 3291
1826 5509
874 6404 6596 7311
317 4602 6207 8467
768 4401 5471 7340
3171
3031 3557 6954 8081 9562
1761 3757
2998
2129 4705 6588 7687
2420 4962 6324
883 8951
2359 7976
2862 5544
1238 3695
1741 4006
987 3282 7465
2962
3093 6566
2287 4021
330
2819 5587
2125 6160 6179
563 3453 7586
1945 8053
1451 5323
627
1984 3812 3866
1705 5441 5729
98 4650
2427 8994
2615
1499 3529
511
2751
3080 3507
331
3148 9167
554 4203 4440
956
330 7510 9004
1179 4951
369 4031 9375
630
228
1180
2864 3548 7754
3063 4345 6255
2883
3164 7948
2461 5251
1384 9410
695 5216
2988
2828 9776
1579
3102 3732
1337
1031 6945
332 4875 7675
1757 3615
515 3588 3894 6387
1307 3256
2244 5945 9391
2491 5356
864 8021
1263 4939 8454
3251 8668
915 3880 4721
2955 6100 8896
857 3532 4444 5062
2526 4921 5274 8925 9073
1010 4159 6269
950
2811 5808 6966 8026
2614 4017 6569 7022
1537
1403 7343 7842
1892 3397
2776
337 4808 5852
3183
1467 9260
2474 8689
1222 4250 7382
243 3746
328 9684
1822 3745 6918 7122
2593 8534 9529
881
1279
50 3500
485
3205 4670 5623
921 3335 5470 8061 8913 9700
2526 8313
2906 6449
1052
2793
1678
1771 4271
2912 9614
3189 7126
2335 3711 8692
718 3913
2914 6541 7776
3168
412
2961
1817 5610
292 3367
2595 9420
2096 6792
862
2859 7157
2836 3783
2570
3075 7264
1967 6815
1934
619 7799 8590 9507
2103 5859
3056
1837 4575
1520
1512 8995
110
2425
1447 7547
3009
3017 5066 8657
1155
380
63 5523
538 6079
3144 3766 4839 9436
1823 4027 6644
1555 3469 6128 7101
1205
898 3809
2847 4697
2729
975
2216 4644
1378 4549 4948 5621 6707 9983
1894 4374 7466
3283 4889
2431 7322
2652 3370 3387 6398
761
1795
1466
1867
263
2057 8219
2821 5271 7666
2180
2343 4243 5378
514
2315
2482 3680
3084
2465
3054 5901
2486 4722 5598
1088 3472 9908
1288 6221
226 4327
221 4943 7574
1657 3910
60 5938
1998 3434
904 3905 5775 9501
2430 3642 4596 6748
1318
3076
1447 4334
1966
3299 3670 3987 4622
1280 9089
493 4379
3337 5986
461 4663 5222
1024 7894
2533
1948 3688 4268 5218 6507 6938
1261 9478
2377 5178
47 4526
2044 5351 5605
747 3773 6299 7432
3149 3979
1482
2386
84 5128 9660
1586
1019 3807 4083
1368 3767 3865 5559 6319
3337 6148 6396
2111 5227
684 5592 6232
1015
2464 9607
1400
2681 7376 8202
2363 4781 8273
576
822 4089 4599
3267 6735
1471
652
1066 5596 6174
1600 6008
467 6265 6397
1105 5006
108 3777 4920 6866 8917
2961 6485 9844
3078 4002 8017
2962 5445
497 8740
1124 3685 5383 5606 5705 9996
2194 3946 4434 8369
2959 4581 7451
869 8675
776
2236 4502 6099 7992 9199 9284
1106 4978 5956 7705
137 8538 9945
608
706 6597
399 3984 9307
1542
2211
205 3918
834 5865
2874
2341 4942
230
2876 6526
1226 7528
665 7718 8716
2180
1173 7603
1707 5179 5486
2496
3360 4744
879
173 5946 8791 9842
929 3755
2165 8786
423
982
2622 6667
1203 4255 4680
713 9034
1570
885
2035
931 6323
2108 8876
278
3111 4659 4777
1836
2938
3212 4525 8018 8249 9938
530 4606
1558 3496 7041 7591
2958 7030 7759
920
2827 4190 6312 7019
2681 8002
2207 4916 6361
1159 5962
1820 8708
2069
3109 9503
1081
2176 4087
1629
2313 6852
3326
1128 5493
1631 7566
3354
1439
48
1662 7944 8163
69 7606 8370
1596 6182
255
128 9293
1829 4309 6955 9821
2195 5348
817 3925 4478
179
262 8621
2795
2599
431 9163
357 6121 6362
1930 4699 5616
855
1732 7515 8326
3035
2459 7673
993 4088 8845
1993 3657 6238
3455 5840
1950 3845 3923 3991 8023
2197 7521
157 3628
3280 4197 4758
1189 5450 5739
2973 3609
2684 5838 7981
2472
597 4968 6002
617 3592
3224 5561 8754
1292 5716 7978
1882 3864 6837
555 9222
1609 5123
2778
462 6445
362 3997
663 3543 7791
2398 5549
2282 9172
1269 3707
399 4692 9457
151 4631
2803
2801 4280 6040
643 4730 6544 6979 8044 8970 9623
1184 4852
2901
2753
750 4760 8719
2002
3221 4668 5035 6410 7636
2948 5341 6132
180
3259 9206
1084 3871
1915 7642
63 4545 6582 6702
2056
2179
2477 8808
2099 5046
2792 3784 6802
1949
1156
3515 4301
1304 4985
2223 4927
617 3846
567 5495
3235
2688 9006
1506 4136 5186 6258
403 4818
2097 8609
967
1041
2676 4284
1888
3195 7110 8996
1483 4980 7796
2818
2998
2523 6896 7645 9122
3061 4817
373 3603 4538 4840 5367
1539
417
358 5313
3025 6788
2534 4987
3100
272 4796
3084 8391
2530 6438 7147
1147
57
1481 4465 4984 8315 8832
1879 4114 8183
2866 5198
1384 6370
2568 5513
2647 3716 6493 7662
512 3829 5158 8814
2561
280 7217
1211
2581
580 8842
988 4534
3250 4636
3160
2267 4238 7207
1939 4780
3506 9346
487
2324 4133
854
1176 5801 9554
2439
615
239 6908 8457
2404 6773
3001 5319 6061
34 8809
3563
1396 5307
1109 5918 6961 7308 8977 9185
672 6290 6352 9365
42 7257 7309
3135
3502
2973 4762 6011
621 8805
1450 5961 8980
2439 6940 8001
2631 4417 6603 6787
3249 8514
1756 5284
2925 6127
798 4173
2918 8744
1068 4766
3057 4286 4946 6042
854 5099 7240
2665 7192
1231
2010
2368 6745
3188
3499 8129
2016 4560
1097 5701
1449 8501
1598 5480
412 7765
2567
524 4620
941
1258 7949
3105 5177 8755
804 3844
2568
770 4292
3362 9126
441
992 6520
1887 4291 6768
2052 9549
3021 6699 8680
2908 5893 7691
2641
84 5630
1767 3960 9852
150 8512
285 3691 5068 5696
1426 3992 4258 7430
375 9328 9563
2175 7706
3495 8253 8632
319
887
2543 9060
320 4207
213
1192 3709
2198 5302 7347
73
2559
18 5003
898 5422 7331
2818 6976
3367 3902 4837 6094
527
2121
3131
2109
3084 7861
771 4045 6308
2356 9866
1741 4882
2571 3899 7738 8205
3349 4221 5304
636
1308 5442
820 4729
604 4453 5934 9916
3409
1666 4704 5755 6168 9170
980
3374 6458 7906 9207
1112
1610 4126
3653 5231
1422 4359 9714
1486 9493
2752 4054 4247 5693
3203 3914
793 4642 7595
846 4666
2192 4184 6637
2640 8215
1564 7385
1175 6304
661 6573
2292
2986 5723
381 6798
1112 6660
3518 4048 4770 7693
1175 5831
3663
314 5088
3292
900 9127
1833 4122 4435 9190
1112
1216 3752
3580 5813
614
2762 5249
772 5661 7834
2294
2718 5635
846
1014
3082
597 3765
2610
1015 5434
1374 6542
1174 8327
1211
2034 4007
3245
1366 5182 8337 9989
1844 3822
12 5478 7059
385
2578
1411
1623 7921 8494
283
434
1139 5451
2618 8012
2519
3276 4411
3274 4623
279 3940 7719
2987 6270
1884
2864
1747 3813
3715
1173 4224 6446
158 7484
3437 5226
2137
3196 3931
2526 5458 8306 8456
889
2132 4894 5161 5296 6564 7350
82 5562
713 9620
144 4618 5344 9873
3102
3725
3324 5377
3386 6964
453 5326 8270
2287
739 3805 4447 9568
502 3867 5382
1404
3379
2078 4112 8408
1588
399 4865
3404 5362
2933
2258 3876 8964
2429
2796 5933
746
3304 5095 5545 8064
3540
6 5969
2888
470
774 6974
586
1892 5036
2097 6561
1209
2276
746
1436 8076
2516 8330
218
1896 4161 5504 6476
2923
1918 7351
2971 4878 6353 6941
829
1734
2345 4162 5418
3770
2034
3385 6819
1201
3328 5595 7114
1121 5711 6584
2724
3216 4475
3751 4955
2574
1687 3924 5104 6499 8895
1195 9257
1874 3839
913
870
2516 5682
1249 8191
3734 6726
2302 7054 8176
3078 7654
2022 5115 8691
146 6999
2348
2281
3581 6917
1156 5083
2728
445 6318 7275 7898
1336
2925 4047
1284 4590
2976 6944 7161 9748
2225
2560
3817 6625 9291
2143 8567
2698 4202
1357 6007
1696
3639
3497
3546 6657
1330 4892
3160 7097
694
74 8472 9325
1264 4542
2785
2289 8109
2777
588 5037
1354
1875 4098 7587 8344
83
793 5380
1219 6047 8196
749 8575
1212 7060
1351 5574 7421
3509 9017
3386
3216
3771
1227 9891
2457 5642
1259
3533 5009 7475
1277
95
1151
2433 8932
3779 4464
2197 4441
94 5947
946 7075
3257 4505
117
796 8375
1875
2947
2461 5157
76
1592
1910 4613
1006 6053
2301
2729 5454 8303
1697
2524 4597 6482
3250 6911 8407
1475
1457
918 6946 7674
2660 9400 9927
3679 4737 9606
2017
2185 6143 6477
3670
1971
1969 6540
3361 6673
2606 6862 7811
2068 7995 9411
680
1338 4941
3358 4043 5468 8498
735 8304
747 4209
3293 6537 9373
3695
222 9458 9775
2817 4567 4739
2015 6349 9448
3422 3967 5077 8392
512 6877
204
2559 4459
1805
3497 8093
3815 5018
3482 9759
584
2845
3138 9696
1919 6740 7349
2049 6249
3757 4813
2501 4038 4254 4634
1046
2593
910 6932
2336 4630 4769 5392
2964 8425
1763 6656 7280
1265 6119
3747 3989 4751
1565 8863
136 5084 9987
48
1388 9787
2277 4378 7352
3410 5407 6834
299 4511 4754
2594 4018 7966
1411 8285 9294
2509
828
2470 5371 6765 6899 6900
1885 4733 4750 5992
798 6591 8885 9900
426 8334
2227
2512
3033 7056
324 7426
3651 6491
2232 4148 5683
58 8175
1085 4990 7973
265 4652 4913 5094 7113 7236 9572
333 5414
954
3918 3982 5034
2369
313
2619 4638 9384
1528 4580 4906 5305 5789 6307
942 5626
272
1882 4266 9889
1384 7487
1163
257
3154 8424
3380
2023
221
3967 4881 8633
921
3419
1454 4696 7616
1316 4011 4201
3367
1389 6455
3940 4466
2742
3497 9180
3654
3007
2092
726 5394
889 5143
3514 4900 7226
2619 4971
2543 4400
3122 5139 7919
651 5132 9737
3406 4789 4866 7222
719 5211
1329
776
3204
3731 9867
176
2100 6689 7100
2789
3986
1626
277 4931 7464
2280 6935 9243
1633 7741 9481
1180 7962 7964
3264
3948 5192 5871
1440
1893 7698
3208 5829
1081 5712
72 4433
2153 4044 5014 6166 6870
452 9063
857
3325 8707
926 4039
93 4163 8203
1028 4398 7315
3231
1672
2375
206
1747
1171
838
3932
4028 8891
2612 5501
2117 6754 7149
2291 4134 4616
3910 4119 5763
4024 6969 8075
3676
1504 4528 7496
3834
3707 7494 9518
650 6169
1033 4681 5176 6181
2329 4850 6521
1196
566 7025 7713
3694 6691
7 7708
192 5049 6056 7209
3146 9978
921
2678 5825 6142 9079
995
1962
765
2753
721 4340 7519
1863
263
3179 8898 9277
2943
275
568 4443 6505
716
2544 9956
1574 4617
1203 4632
137 5108
2564
1978 4814 8131
1488
61 9039
1376 6415 6723 8724
997 6382
149 4503 5278
3385
1404
951
952 8144
3466 4869
3494 4246
3396
1282 5990
1419
2710 5874 8504 9181
2170 5846 7709 8364
203
1417
2528 4165
446 8899
3857
828 4773 5660 6233 8006
1082
930 4611 7771
3104 7234
2157
869 5111
3177 5130 6086
719 8113
1654 5674
2999
1318 4550 8238
2034 8139
1593
3774
2625
3576
3113
320 5648
811 5369
2657 4890 9923
4043 9031
2429
2881
3713
966 5190 5912
3163
2876 4682
3690 8074
750 4577 6914
1668
2625
1004 5433 8475 8817
3087 5029 9012
2578
3594
4042
439
3550 4529
2288
2971 6302 8767
83 4415 6399
2020 6057
2345 4239
659
1245 8073
213 4975 7428
2860
1279
798 9301 9633
3961 5524
639 8492
2836
907 4423 5333
588
968 7845
394
993
2320
2599 4726
2849 6630
3261 4592
167
3798 7245
3804 7067
4029
660
4096
2321 5004 7115
2346 4481
2156 4432 5312 7335
239
212
591
3052
3618
1373
848 9274
1450 7109
1570 4969
2097 4293
2618
937
960
391 5353
3028 7648
3698
1270 5137 5930
407 4904 8096
2692 9036
2443 7312
2570
3458
1727
2458 5795
3021 5527 8871
2845 9675
286
1601 6527
3500 4499 5827 7747
1521 5201 5404
1644
1527 4454 7828 9997
3986 5921
3841 6614 7393
3227 4929
979 5453 7829 8057 8674
1900 6488
850 7690 9464
3661
3122
3912 4351 7892
3102 5300
2906
1830 7377 7692
166 7826
2790 4337
799 4612
2867
2054
2732 9941
1003 8229
799 4460 8784
3680 4640
1921 5745 5784 9590
993 5452 9329
3753
2489
2495
575
807
1783 4799 7166 9419
585 8212
3129 7695
2878 5172 5966 6986
2062
2354
395
2583 5497
2319
3590 8620
4141
36 6412
2283 6367
792 5187 6006 8725
3346
527
1871 5788 6617
4088 5530
3694
1255 4658 7050
2827 6212 7987
3273
2925
2240
2200
3932 4797 6067 8127
3442
1192
1128
3654 5152 6096
2677 6039
335 7403
808 4684
1507 6594
1465
3175 5020 7256 9002
2939 8352
3974 6392 6838
1460 7813
3374 6175 9988
1317 8583
2390
3289 4338
569 5560
141 4601 8422
1866 4356 8910
2581
1345 4994 9424
2642
2814
1788 4477 8781
3522 6677
1576
2129 6334
698 5285
3555 8415
2512 4833
3621 4421 7908
1260 5721 7553 7568 7784 9971
1168
1580
2081 4495 9822
3645
3641 7856
4178
1922 5694 10000
2319
547
2371
1997
2010 9256
2046 6692
3543 9647
1645
1229 7483
125 5959
793 9747
841
2521 7982
1470 5886
3480 4712
664
180
2046 9223
2546 6214
2771 4365 6381
950 7936
2227 4956 7677 8929
244
1226
1536 6738
466 4537
2103
2380 4414 6120
192
1200
818 9463
1405 5709
3356 8444 8812 9641
1826
1902 4548
1322 4810
795
594
2957
3365 5734
1499 8634
663
4214 4741
4271
1097
4064 6328
2386
2640
2147 7833
287 8636
3236
1988 4838 5967
500
2332
3019 5593 5902 7148 9103
2709
4209
2195 9361
2783
378 9311
1446 5550
4274 4565
2659 7271
1209
3692 7144 7745 9834
2295 6556 9654
43
683
1877
2868 5806 8151
4314
2004 8818
834 8143 8566
2767 4521
2453 5531
2127
564 6075
2816
2278
3334
855 4816 4925
1261
3079 8166
3945 4654 4934
3369 5243
865
265 6109
797 6024 7783
1431 6647
162 6543 6632 7321 7961 8756
947
615
599 5054 7460
1612
479
1474
1048 8955
260
1913
603 7737 9045
1318
2000 6180
81
4030
2185
3999 4899
3193 6347 7065
1976 8341
1498
593 7289
1079 4585
2385
2217 7678
2814
2630
2709 6028
3745
468
2373 6924
4322 5720 6530
4139 4967
1649 4793 9687
3614
1740
2165
2240
4286 5977 8813
1910 4471
4151
1753 6199
2813
1347 4588
1736
2078 4688
2332
155
1904 5039 9902
4168 5653
4023
3410 4776 5538
3713
802 4772 5785
2684
521 5011 8426 9577
2585 6284 7620
3227 8400
3877
1932 5953 7441 8063
4070
3259 4910
2834 6082 9087
888
3770 4905
2828 5668
597 7577
1676 7897
2745
2267
3684 4641
4200
2678 6466
1046
1754 7717
653
3921 4582
4220
1062 5092
2951 4886
2929 4587
3876 7020 9617
3575 6001 9878
3989 5050
1094 5569
2712
1644 7017
1877
4422
134
174
1877 7812 8436
3812 5221 9292
954 5863 7224
4279 4856 5551
3482 5165
2303
1251 5525
4167 8181
2036 5870
1682
2125 4600
2679
2598
1750 9541
2358
1687 9314
3061
2486 5134 5614 9418
2061 4952 5582 8819
2444 5619
2592
4290 4767 5496
1196
778 4543 5058 9032
1654 5628
4197 8068
3013
1239 6742
3414 4710
4082
2938 4756
3880 7474
2768 7436
1607 5529
1686 7550
2037
615
3947 6377 7482
1224 7189
1618
1544
2002 5063 7641
2579 9003
1965
3147 8841
1505
856 7272
4368
1181 8262
1642
1357
3453 9788
3377 8545 9680
377 8797
4046 8843
4136 7511 8720
2770 6810
2937
1651 5303 6535
449 6888
3587 9649
1701 9911
2100 9379
4320
3563 5214
115 6276
2860 5091
1217
3851 6804
4497 4757
2062 6957
3535
2269
2640
4329 8141
3333
4109
1638
932 5199
2011 6154 8200
2199 7707
157
2213 5512
128
3044
2500
3629
1630 7348
535 7034
192
555
4356 5153 5641
2192 9510
3916 6441 7951
1629 6925
339
840
2362 8014 8399 8559
629
1390 6995
944 6776 8827
3312 5043 5188 6942
1745 6147
4127
1436
2561 6513
3971 4661
3411
4459
2272 5359
2278 4795
4405
269 8393
4463
4426 4883 6602 6655
3161 5318 5672
3835 7735 9829
13
4159 5324
681
601 5330 9393
1662
3362
3893
1623
3396
4484
4273
3192 9733 9982
2872
2441 7932
1296 5858
3454 5347 5397
356 5675 5903
665
1888 6875 9595
1810
4101
4215 5071
3888 5447 6149 6988
1016 4674 5331
2614
4042
4073 5717
3763
1401 5150 8357
3635
949
3367 8821
3746 4805 5820
3188 6102
1359 5073
273
2529
3070
1441 4982
3936
3520 4996
4074
1087
3932 5429 7991
824
3588
1230 5885 7912
3970
1735
4221 8234
4453
3696 8049
169
3332 5435
3097 5731
794
432 5391
1666
1594 5607
3218
322 5757
3964 8447
1310 4880
4378 4999
1137 4888
2281
1766 9357
4248 9782
3450 5591
1722 7702
4580 4950 7448
1172 8595
3371
2667 8523 8526
1934 5248
3697
2514 5257 5406 5413
3529
598 7506
3282 8759
2396 8513
2848 4676 7038 7473
224 5432 5519 6822
4614 8466 8690
589 7743
4672 5328
2923 4986
2151 5580
2401 9760
3442
4050 5640
4125
1230 4928 9290
4261 7139
2038 5138
351 7251
1528
4428 5110
2387 6034
847
231 5202
3519 9858
2965
44 9912
844 7542
3985 4719 9378 9710
3329 5087
585
3489
2110
3175 6757
884 4884
167 5676 7556
3686 5548 9142
3198 6731 6970
2859 9818
627
2596 5081
1204 8702
4502
66
4309 8355 9058
145 6386 6495 6843
1251
651 9287
2762 7793
1641 4803
2939 5031
4696 7128
40 5612
3257
3353 5728 6909
990 5086 9148
163
2245 5487
4157
845 6749
626
3683 9574
3523 7857
2393
895
3953
2059 5577 6114
1917 8596
464
3899 6598
830 7638
3916 9046
682 6712 6978
4337
1212 6668 7081
523
3434 5259
2115
6 8097 8268
3067 7730
487
2567 7418 8723
3953 7664
3940 9388
1120 7323
211
3947 8573
641 6793 7072 8311
4504
4543 5459
3500
572 7338
3527 6242 8853 9735
99
3610
2552 4970
2861
652
3620
4495 5584 5650
424
3936 4864
3707 5575
1353
4436
4099
541
1081
4434 6517
3450 8025
242 5715 6226
553 8087
3591
3394
294 7296 7910 8282
671 5526 6763
3101
1392 9673
2713 6220
1536 6695 6868 7068 7770
3057
4002
1418 6478
2654
7 9777
4416 9974
1882 5276
4584
3570 7036
4254
779
4229 5228 5638
2583 6973
1186
2840 5518
4717 5464
1998 9033
4623 5160 8882
2876
741 7288
3269
2958 5135 5258 7137 8222
4330 6983
2738
1548 9027
3931 5466 6193
4077
1275 7445
4375
3562 5507
3551
2347 8679
1032
144 8072
3122 5557
80 7614
3058
503 8496 9119
1691
92
1063 7165
667 6666
2340
1269 5823
1344 6836
4285
2939
1869
1599
3670
4346 5586 8197
3324
3563 6675 8483
1438
1221 6467
2710
132
2500 8848
1629
2966
1257 8487
2475 4868
4051
1966 5754
3524
620
596 7267
2410
4477
2121
580
1912
2533 7105
1840
428 6192 7341
649 7133
4769 7174 7578
3776 4901 7846 8406
4002 6963
1410
4849
4087 6300
1900 6243 7162 8584
659 7279
674
626
3187
3248 5024
56 9479
3
3801 8080
957 9586
4653
3982
3678
4588 6348 9716 9869
4702 5166 9711
2333
4462 5834
178 6016 6146
4655 6191 8660
3335
4118 7043
804 5273 8180
3847
1602 7263 8020
3760 7404
1526 8905
896
2248 6329
1569 6311 7471
4400
3997
4865
2169 5868 7573
1453
4186 6165
4447 5387 7336
3971 6050
527
351 6167 6915
1286 7096
4444 6141
2927
2178
3964 9413
1923 6138
858 5272
3460
328 9703
2030 8934
1602
3404 7504
3260 7865
2368
2533
2999 7170 9509
4375
2030 5786
3545 6394 7832
4683 7742
4203 9221
1477 8299
4013
97
2315
4378
1873 6574 9474
2115 5002
868
2060 5224 5904
3255 7950
1260
3909
3425
3357 8773
1332
1972 5732
3621
2454
3333
3027
4661
3230 9940
4492
2260 5056
366
3813
4316
123
1268 6368 8960 9486
997
1563
1402 5381
3199 8578
2778 5325
1408
103 5440 9176
1119
4415
3505 5629
4177 5293 9602
4763 9326
3998
562
2187 5239
1398 5290 9371
4144
2337 6224
2336 8101
3415
2747 5025
3558
2733
4629 7660
2550
3575
3544 7787 8989
4677
3568 5879
2893 7191
2975 5620
3963 6203 9706
1820
466 5017
1940 5857 7513
4276
221
4631 6661
2465 5718
384 7788
4654 9762
2278
2403 5988
4936
3667 9657
4166
1648 6018
3403
1605
2579 8133
3871 9023
326 6907
4438
285
1925
4024
2638
1980
4992 6344
3924 8922 9671
563 8100
4264
1532
2161 6000
1355 5082
4875
4979
537 5289 6616
2743 6830
1990
4131
2892 5379
4718 5338
1237
1301 6880
3967
3529
3790 9488
3855
264
4431 6066 9358
2475 7827
1109
2830 5686
4575
2892 9107 9330
766 7688
3539
491 8182
550
4056
4466 7221
1993 5168 6069
1994
1301 6453
4387 7461 9887
1103
4953
2793
4497
2943 6456 6897 7318
312
1194 6890
3259
4515
2264
2950
3319 5949
1038 9050
3653 7584
622 5196 7290
2017 5149 7527
4612 5079
720
4625 8969
179 5515
2633 7479 9683
2053 6751 9271 9921
3918
663 6204
5071
1976
4708
5023 5373
3830
3942 6509
1998
4723
4697
3710
1466 6253 8056
964
4540
4461
493
3964
3783
2794 8243
1657
2395
3622 7225
230 8258
2793
1562 5500 5514
1118 7223 9546
3815 6504
590
2517
418 7390
4075
2475 8694
4688
4104
650
553 6612
1294
3825 7514 9977
2792 7889
1964
862
2807
1530 9690
351
808
3511 8872
997
2319 6015 6436 7768 8795
2631 7905 8316
1568
3383
2365 9508
4105 6872
2140
4001
959 6351
4491 8654
4809
3018 5424
4185 7063 8887
4685 6343
4000
990
1018 8274
536
3996 9564
1883 5645
1710
1569
2671 7583
377
5070
4619
975
4258 6432
4565
2088
2514
146
3885 6958
3581
2877
4805 5502
3760
1317 6417
2933
1284 9552
4478 9499
4884 6653
134 9527
5051
271
1061 9637
2861
4232 5663 8541
1087
282 9630
1887
4050 7860 9734
3638 9048
3376
3432
2714
2139 5428
3733 8717
800
570
2242
3550
4242 6676
4575
1297
4123
2800
4018 5253 6281
2372 7433
150 6718
1247 6390
5069
2198
3577
4552
929 7914
4198 5999
4691
1118
560 5465 6454
726 6534 8628 9008
3176
1866 6502
1333
2005
1154
4003 6049
2614
2960
4538 6090 8195
2500 9010
3241
2389
3374
2715
1257
4475
3371
409 6354
4938
1647 7668
3755 5841 7419 9639
3388 6247 8958
4799
345
715 7047 8220
3691 8420 8662
2076 6190 8110
1553
736 6431 6811
444
465 5469
1783
2987
4973
727
732
17 5279 7963
4379
2561
25 6112
1685
2228 7779
4665 6130
3718
2421 8505
3239 7023 7872
3028 6790
5192
3163 7286
2190 5654 5876
1967 8557
4667 5706 7844
4809 5864
4744 6981
2003 5594
300
2762 9513 9665
1204 9540
1314 7302
280 9774
2879
469 9456
1237 8623
1164 7009
1102 8930
3344 5916
4915
4891 8107 8519
3260
1710 6033
4794 9755
222 5932
4082
5242
1246 8265 8920
1969 6288 7155
619 5744 9030
521 5700
3616 7567 7800
4283
938
836 8041
2294
5026
4974 7154
397
737
4969 6912
1050
2791 5698
3760
2965
1597
419
4210
523 7220
3664
4532
3680 5679
3971
830 6538
3604
1286
3018
2581 7720
2118 9798
4168
3566
1175 9253
2174
2116 6038
658
4589
3601 9308
1349
2001
1536 6586
3214 8069
4592 9929
4963 6245
3768 6892
1001 7423
4676
2907
4594
4614 5354
1232
4151 5821 5931
907
228
336 6920
1935 8527
5031
2834
70
3530
1709 5750
1312 9100
3763 7785
2231
2998 8387
4606 6294
3481
2460
2314 9467
3378
1125 8850
4182
5331
2005
3253 6228
1942 7188 9954
1977 5758 6235
4583 9106
2438 6694
1884 7612
3777
3027 5993
999
729
821
3563
1891 9016 9523
4117
1040 9316
3952 6886 9052
2937
5082
1674 9883
2614 6893 9331
950
3766 7405
3346
5030 7971
3859 7607
4961 6779
3771
3409 6274
2237 9270
1917 8860
816 6546
4905
146
28
2360 5771
4647 6539
3936
1503
3995 9408
1699
2093 7611
4606
446 6645
2691
1368
2722
2250
2181
4198
2904 7190
4667 8993
3946
2933
2729 5896 5970 6078
799 7368
1606 7281 9857
66
4667 6401
3965
1718
1660
2223
3804
3156
1217 8549
2294
3668
1625 6611
5136
1824
2549 9511
93 9561
5181 8943
4634
1304
295
4673 6577
4130 8511
3727
4644
2501 6752
2117
2480 6176
2951 7890 8530
4965
3217 5609 7058
3682 6076
922
1195
3407
2162
4613
1283
1065 8962
3501 6355
3742 7476
4223
4204
3891 8261
2077
3122 9705
2305 5899 7411
3758 8347
4757
1602 6376
114
545
1318 8594
4803 7561 9613
5204
4813 7434
1639 5888 8684
3910
5236
3283 6464 9224
3193 6761
1782 5779 6503 8346
453
1781
16
2477
356 7183
3735
2133
3632 6336
2118
2036 6690
448
921 5989
1072 8070
3432 7531
4725
1774
3167
801
2724
2331
3470 7215 9295
1369
3547
4495
4236 8260
1005
842
5102 7177
4040 8563
5160
829 6030 7040
3798 7831
288
1742 9196
4817 5971 9472
5
3190 5543
1359 8619
2025
4556
3579
5102
5074
2169
1076 6698 9542
4802
4673
3149
3116
1201 8242
3322 5613
4148 7292
4480
4783
4193
1535
4507 8535
4246
4369 7502
615 6641
1874
2050 9626
1040 7053 7383
1797
3077
4434
1465
2099
2540 7942
2471
5509
3202 5880 7929
3783 5622 6440
584
1845 6414 7871
4704 6545
3516 7339 8747 9898
4355
4477
1312
2220
2119
1209 6663
1158 6425
4822 8604
3166
3386 8016
4272
3507
3761
187 6643 6736
359
1862 6231
2924 8445
1761
3022 7848
4467 8223
2592 6375
1035
1284
2407 7107
3863 8729
4770
2536
4734
3071
1860 7201 9241
4678
1931 9909
4492
1235
4767
1356
4838
3210
2521 9615
110
1161 6264
4659
3389
4349
5260
3809
3400
2861
3353 7792
915
2017
466
2074
1345 8968
899 7260
3378
3409 6827
4649
3158
5441
3298
2187
4720
5523
4491
1621 6291
3489
1960
2088
4493 5655
4989
3333
5545 9453
3282
1764 8893
724 9377
3972
3015
4498
4968
3650 6864 7516
1721
1775
652 7804
1946
3721 5644 6282 9062
2722
2974
4799 7814 8613
387
4681 7359
4565
3869
2095
5635
5144
422
1655 6506 6674
4116 5875
1951 9796
4767
2492
1748 7045
4432
5255 6747
5619
538
2831
483
1491
4099
3719
296
5172
817
1504
2723 6215 8874
2880 8709
4448 6403
789 9289
1302
2897 6769
4589 7509
495 8438
4107
4607 6153
4703
1720 6081 6117 7210
874
5304
2839 7328
1467
3820 5797
3961
1406
1664
5042
1552
1106
577 9024
2199
2418 7996 9368
2613
3694
4294
2242 6205 9125
3653
366 9560
5295
2278
5283
3630
940 5730 6092
1930
1584
3409 9645
5257 7920
2967
1800 5941 6017
4326 9038
286 5948
3810 5761 6429
4022
2264
2786
4778 7935
3508 7953 9721
4617
4997 6012 6764
2996 8886
4414
4287 7649
327 9895
3704
1957 7138 8449
1365 8412
204
1612
4722 6187
3217 6373
5702
4645 8211
4945
208
4334
1083 5752
3042
214
2052
3501
2355
1736
1470
1902
5282
4222
1437 7565
2856
2467 9581
1310
5342 8585
829
5735 7278 9643
2934
4851 7193
3686
578 6767 9067
4651 7593
5358 7485
1969 8665
1112 6237 6659
5711
1886
4043
2420 5895 6435 9749
1404 5877 6211 7764
222 5995 8847
410 6155
1031
2168 6654
1445 8469
5390 7628
1798
916 7185 7902 8782
1232 7940
3361 8027
1577
2445
520
5472
574
2314 7891
988 9492
1921 6952 7016 8764
4222
4436 6071
4926 6306 6593
133
4245
3971
2501
2560
116
2330
771
4192 7468
2673 7923 8287
5682
2865 5822 7880
2970
2368 6649
3596 6043 6949
656
418
528
2989
4364 8302
2357 8518 8737 9538
3263 8822
2484 7431
1470 8979
3162
718
3716
934 5942
682 8009
2222
2200 8516 8856
3028
210 8550
4623 6581 8376
5333
5798 9123
4831 7213
391
4059
1182 7853
4197 9765
642
4021 6241 7541
1607
3708 6257
499 7204
2514 7447
4886
2358 9403
1730
2773
3503
525
3496
5226
2681 8034
1656
1301 9545
409 8524 9158
4093
1518
2118
2986
2603
785
3269 9096
125
1370
3133
791
4993 6716 9397
4605 6341
3310
314
3040 7610
1017 8078
4476
5258
3423
2265
1918 6486
4902 6817
361 6696
4482 6260 7125
4018
2157
1268
4092
5648
5255
5765
2178 7310 8824
4987
5544 7435 9133
2840 8490
1284 7545
503
728
4637 6599
4308
1732
5467 5928
2396
2873
2883
2672
3648 7104
588 7652
5764
5409 8037
2807
2643
5457
1297
3352 6457
4349
4607 7029 7142
4938
2164 9500
1681
3066
2073 5925 8259 8916
2735 7014
1527
2729
4123
1558
624
1636 6097
5271
3137 6062
3605 7274
688
2237
4201
2615
1054 6685 8937
1125
5908
2518
2089
5888
1324
4185
5333
5277 6331
3781 7597 9251
3684
2600 5951
2690 8250 9693
1623
3359 8510
1689 6151 6285 9250
1191 6118 8873
5708 8731
5814
1883
584 7306
3252 7970
3436
3878 6956
5710
5066
2669
5935
2871 6442
4442 8360
28
1295
3415
1311
1931
4304 6325
29 7585
3612
3461
1837 6380 6619 6850
23 6321 7018
1508
4232
4346
1451 6301 6823
3785
5409 7686
5507
596 7621 9753
2607
2804 8502
2286 7211
1190
4421
1023
2728 7305
724 9754
2865 6832
2762
541
2723
1969
3370
361
5001
5484 7035
4090
1352
3953
5363
2447
5766
2345 6780
281 9302
59
5201
5022
4465
3505
2192
936
1525 8640
4242
3842
3401
2931
2585
3610
5718
2434
589
5125
4887
5708
5005
2507 7646
1863 7956
1097 8443
2100 7590 7945
1661 8779
4382
2700 7758
127
82
4410
2654
5503
3188 8627
315
5275
4689 8806
625 9877
1802
1067
5316 8924
4259
3522
582
3621
5801
806
1208 8838
707
3860 7066 8427
1950
5211
4906 8591
1126
264
3889 9646
607
1016
4056
4140
2399 9823
834 6275 6801
255 9239 9925
3601 9522
5917
1978
404 6358 6825
1845
5039 7955
4254 6267
1254
5051
2955 9234 9390
5785
2244 7772
2113 9028
3024
4371
5442
3140
5409
3323 8079
3165
5677 8752
4445
1685
2680
1220 8124
4105
2080 8520
1771 6734 6766
3069 6854
5214
2893
5702
1108 9868
3670 6642 9138
1892
4258
5915 6263
1413 9072
3414
3258
1510
4624
2512 7683 9517
2527 8548
24 7650
766
2800 7123 8089
2105
4381
1147 7294 8077
2843
5245
1980
4734 7669 7760
2843
2220
5677 9351
5940
3939
4322 9960
3488 6858 7972
1647 7227 7651
2318 9771
1268
2288 8338
1204
3617
3326 7099 7415
1257
5248
56 6626
3530 8288 8622 8953
870 7977
776 9267
998
1784
1696
4914
626
968 6605
4910
4059 6422 9083
3901
1353
1424
4887
4576
3387
4613
3152
5939
2902
5675 7969
4553
5767
1158
2561 7866
2946 6980
65 7176
3211
819 7727
607
1496
2874 7967 9803
4904 9470
4024
4908 6469 9812
3686 6186
4049 8099
454
1584
610
2796
3400
4268
5438 9704
1969
2009
3211
4396 6185
4050
3477
853
2942
6180 8735 9188
6168
5728 6216 7501 8651
1431 8830
1112
5232 7230
4888
4862
4813 7417 8156 9129
2666
675
1552 7143
1589 7273
1433
4424 9077
3032 8592
1414 7164
504 7749 8103 8859
4990 6905
5078 7082 8091
5695
1254
3192
594
2404
1394 7394
5765 8914
4249
2041
4313 9819
5666
6187
1032
1533
1559
4786
3355
2747 7033 9116
2297 8237
4976 6330 7665
2512
4778
3152 7455
5356
2845 8047 8245
1730 7786
5565
3389
4099 8624
2596
5358
2285
5760
3495
1437 8380
1606 6835
5829 7276 7283 8045
4760 9069 9947
4870
448
5325
2865
5227 8332 9285
322
3930
1744
1833 9730
2889
5089 7924
2555
3236
1404
5831
3550 6628
1772 7094
5870 9795
2674
1385 9395
6097 9200
5590
3402 8892
1366
6067
3095
3261 7106
3748
1175 7941 9383
3151
1846
5383
6059
4539 9213
1469
300 6640 8088
902
3095 6855
5192 7206
5635
426 6406
4439
5939 6775
13
1183 6552 8849
5281 7408 9475
2624
3606
5615 8999
545
800 8123
5347
1403 7212 7261
1261 7055
2600
2242 9460
3379
4869 7332
5968 8105
4138 8605
2990
3701
1918 6494 9750
5786 8094
3971
3676 7909 9268
2364
2981
4898
3458 7129 9426
306 9642
2306
499
170 8244
207
3832
3386
1305
5964
429 6447
3447
3199
5959
2790 8067
1110 6840
4340
4897
6224
5932 6783
3008
2574
4282 7623 9019 9855
1522
5480 7495
684
1535
2872
935 7570
5858
459 7061
5138
5017
1745
2656 8164
4401
4883
3917 9212
2747
5133
3606 6650
3801
5223
5450
1785 8777 9057
2275 8429 8701
6064
2348
2191
3460 9484
3488
2263
3128
3180
180 8019
4241 9932
4958 7051 9918
3070 6516 6583
3578
3051 8915 8975
104
5729
3060
5570
5460 8381
4511 8280
392 7736
932 7639
5963
4314
4081 8365
1192 7508 8912
1055 9337
2281
4713
3250
2839 8366 9905
2833 6621
5195
2933 9435
4266 9043
288
4927
1180 6686
3387
3402 6472
3337
4139 8132 9719
2852
5413
458 6601 6814
5668
3191
930
6283 9143
414
2052 8206
381
3529
3117 8553 8659
4240
994 6729
5547
4080
2741
5162
870
723 6709
2234 6532 8348
2528 9259
6142 7406
3029
332 8146 9101
5556
698
2632 7477
385
5711
1881
5234
5152
3128 7627
402 7313
5764 7342
5125
914
3572
2326
5545
4567
5952
226
2150
3513
3753 9349
6322 9454
2159
3285 7179
732
1489
277 7046 8008
5053
5204 7534
3988 8985
5059
5901 6923
3688
1542
937
352
2867
2476 8345
5470 8361 8446
2018 7554 7661
4455
4842 6993
649
6167
859
1270 9139
6397
626
2481
2306
3798 7346
3901
4790 7767
663 6741
681 7001
2861 8055
3893
1268 9178
1513 9993
3405 9713
5867
2885
4205
295
1621
3960
15
3580
6305
4713 8879
1727
21 8956
730 9044
3815
2712
463
5207
5472
5104
4070
5647 9792
3374 7437
129
5084
1434
806
1623
4579
1525
865
6369
4776 7119 7744
2294 7615
35 9240
3644
4051
614
1961
2159 9075
1913 7132 7196
3427
4196
2300
1378
4414
1651
6420
758 9288
5205
4532 7440 9442
611
3913
5306
5391 6662 9355 9839
3904 9926
3294
3728 7011
4384 8468
3523
5548
5386
1969
3183
3052
557
2853
6287
2337
2727
1043 7121 9537
4360
1451 8500 9137
452
2425 6791
2910
3791 7752 8846
921 9663
2151
3760
272
3207
2280
1124
3264
96
2720 9217
2030
3702
4935
108
2352 9847
5432
2571
1822
1955 9811
5820 8844
3535
6369 9425
3810 7965
2738 7293
5322
307
3198
3143
2616 7392 7937
3954
2822
5786 6975 7168
4262 8984
2921
3191
3418
4737
5885 9729
122
6402
4588
3614
1641
6140
308
1130
121
153 7525
2527
5423 9304
5113 7601
2972 7175
4202
2932 6873
5026 9227
4245
571 7632
5963
707
6389
217
2508
724 7498 9305
3839 7253
6131
831
6258 9566
1091
4158
2535
4384
1537
3138
1088 7470
360
3698
2305 8359
2459
6278
5532
6094 7985
5563 7375
3325
5398
202
4383
1468
5800
6352 6842 9438
1546 6800 8319
55
5166
5769
4588
3938
3846
163
5760
3706 7670
4996 6710
6539
5555
27 9102
2551
4829
3441 7478
4742
1255
3170
2546
2585
3905
5647 9685
4840
5187
4280
2861
120
110 9850
881 9558
973 8134
349
2606
5923
6395
2708
186
4009 8706
5482
4054 9409
4300
1533
5360 8488
4787
5869
2433 9162
5517
3647
1199 7840
1395 7773
3535
673
845
283
3169 9300
3333
1046
6419
6661
327
4740 7171
2659 9446
553
1245
5857
1689
5194
610 8395
333
1238
887 8230
4080
1612
756 7266
3822 8281 8439 8661
2072
1135 8489
6413
1135
4705
1689
2197
6088
3397
5563 9443
1042
4319
1916 7647
3929 9095
6479
4501
1380
1469 6794
3626
1436
5654
3362
4727
228
5076
5436
2850
4041
2896
1923 7916
4701 9605
1736
61 7103 9724
1863
5471
2131
4783
5718 6930
3952
6088
5756 8028
3645
5671
1593
782
689
3600
2955
6285
4574
190 8881
2524
5381
5996
1477
724
6331 9849
1187 7420 7443
1655
856
3614
3567 6989
1019
5252
6559
3301
4755 9286
6744 9189
1864
1322
1096
3705
553 8599
6651
6059
3540
2419 7518
4542
1693
1230
2298 9958
3105
2016
4530 7658 8685
5234
3033
1169
6402
3307
468 8374
5868 7877
2862
3807 7370
826
1015
4673 7353
5968
1203 7005
6064
2947
5606 8382
2360 8586
1979
5027
2644
5981 8525
2323
3946
6240 6901
4832
3509 7363 7755
4266
1576
6327 7160
504 8880
6650
4713 7400
2684
2783 8060
834 7002
2154
1056
1274 6889
5963
1902
3468 9801
1904
6089
6280 7481
2246 9153
3064 9238
6121
3159
2995
2174 8102
3906 7216
1237
5630
2696
3404
1587
4787
1122 7184
4024
2132
5130 9631
6615
3134 7399
4609 8418
1601
3919
1095
2599 7769 8386
5033 8033
2839 8671
1893
1944 9764
2744
538
5371 8564
188
4533
6849 7750
5061
768
5326
5375
2251 8036 9049
1364
3561
5059
3000 6926
3952 8257
3952
6835
580
2258
147
6203 8396
2703
5010 7626 9608
3599
4722
2500 8581
3894 7700
5293 8390
195 9124
4127
4908 9134
2909
3829
3276
866 8998
5336
3084
2082
6457 8710
4413 9836
4568
6898
470
201
1442 8655
6764
2456
3935
1832 8736
3037
4014
963 9701
1095
3374
1796
3613 9447 9756
3801 9644
4575 8831
1866
3836
3247
3897
601 9201
2559
5801 9897
2332
2307 6992
5783
1928
3195 9516
3480
5947 9324
4544
5157
2875 7027
3152
3605
709
4866
3767
2748 8652
3263 7983
2430
1357
4044 7127
4705 7576 8112
2966
1230
4800
3788
6593
3669
2381
4740 9587
3523
6158
5259
1666 7136 8587
4810
340
111
4232
1986
4613
6788
1051
1714
6951 8961
6467
2793 8883
4573
1498 7366
2230
280
3826
2661
6480 9011
6846
2960
211
6824
1771
2502
500
5269
708
6542 7089
704
2636
5909
182
5783
4469
5964
3458
4464 8695
1763
3264
5251 9386
1351
4053 7456 8246
2439 9461
6959
2842 9598
5903
3456
2387
1188 9495
6222 9583
4562
5989
4796
919 7244
4672 7807
109
5503 7239
3455
2046
4890 8990
983 7354
5652
6452 8986
5230
2804
771 8116
4248 9632
6368
1063
5535
3823
6296 7249
3958
1597
5441
3735 7604
3862
6342 7469
1264
5137
2725
4401
6047
4162
4787 8256
2618
925 7740 8170 9718
3080
4755
593
1886 9969
3879 8480
2644
946 9041
2630
1585
2657
4742 7780
6204
2953 8686 9763
2340
2672
389
2372
149
7011
1405
3176
956
1764
6259 8155
2211
4909
3848 8608
140 8485 9964
6128 7896 8852
4009 9521
3326
1740
6759
5893
4860
6269
5573 8187
586 8703
4176
3557
142 7358
1240
3964 8318
3809
4166
2632
1947
1041
6517
846
6555
3276
6107
1423
5870
3291
6969
4719 8384
6312
884
2680 7939
6525
4863
2370 7497
2826
6982
4809
5724
4684 8921
538
1881
5903
6196
4359
114
592 8656
3572 7598
4349 8271
4041
471
3149 8861
245
2084
5290
5281 8670
1721
3303 8506 9828
2999 9209
2391
6840
3836
4870
1247 7167
6201
4828
4229
7163
6593
1537
4924
6712
3152 8158
3076
4864
6613
6159
5500
425 8974
6449
467
1397
1442
5477 9281
6869
5773
245
3149 8570 9155
5357 8050
4512 9659
5405
4988
3623
5754
2504
1120
6525 7930
3026 8022 8266
3162
1808
3013
5579
685
230 9933
5832
3010 8042
6281 9421
3590
2930 9534
4056
5677 9728
5975
6295
5823
351
5493
6862 7424
3583
2267
2171
5301
5050 7265
4002
5103
4476
5099 7446
3997
6122 8965
1332
1026
6190 8826
35
2963
2726
4102
1988 9835
3964
2724 7849
1236 8972
7040
3622 8373
1536
1166
1330
7037
4161
2332 8801
233 8770
1525
7055
1074 9621
4686
1242
6625 7888
1903
457 8753
4264
3607 9444
2186 9232
1798
5604
6295
2160 9182
4893
3306 8433
7221 8855
6725
4854
1990 8862
2563 9029
561
4357
4520 8231
6197
5918 7931
3832
6241
888 8460 8954
5752
4871
3938
5411 9569
134
6241
3005 8004
1983
5254
2005
4807
4404 7884
5069
2441 8615
5524
6585
6110
3017
4782
309
3169 8875
230
2369
1381
5264
2857
1268
5979
5944
1794 7789 9111
3605 7536
3607 8307
5878
3191
4188
6434
1742
4030 7997
368
1606 7388
5059
2686
649
4384 9896
3336 8115
4752 9629
2287
2658 7655
2900 8785
128
5680
2524
2516
3668
6300 8149
2277
3075 8648
4168
4905
765
4759 7841
5549 8135
3193
4862
6435
3266
823
2680
6476
3664
4561
3929
3760 9814
3800
3945 7703
6822
7044
2814
830
1056
7111
5640
1277
365
2082
6837 7459 7822
740
686
6996 7564
2749
5410
218
6819 8254
2697
792
2598 7526
1959
6643 7491
3393
4212
1064
1848
2243
2069
3273
5535
1551
3700
1307
1587
7317
1302
5107 7401
537
6590
4202 8664
6210 8453
1126
3045
2248 7629
13 8145
6874
6843
7390
2380
4260
4894 8933
5377 9530
6422 8314 8903
1925
6288 7838 8771
2926
1463
5457
355
2267
489
6128
2237
6193
4749
5226
6784
3863 7689 8533
3120
5327 8086
7216
2435
3959
1896
4144
730 7778
3654
5809
3379
5193 9210
5466 8104
5880
4506 9440
6507
1913
1522 9904
6535
4442 9670
1112 8305 9263
6784
250 8367
4815
7225
5833
4661
3164
2370
3411 8043
1556
347
2076
6227
7025 7999
93
731 9131
7363
4387
5054
48
982 8032
4013
3205
3334
1063 8681
5795
7061 9957
6635
4898 9299
1295
4672
4505
3871
5451
6427
6667
5075
1657
6855
4511
4303 8210
3754
5758
1422 7795
3975
13
2030
2146
7375
1631 8090
1387 8829
4048
6336
4046 8653
7134
6624 7562
2848
345 8672
6187
5531
1242
4920
1198 9264
4669
1349
6383 9966
5672
3229
4529
2350
4993
5115
3491
5630 8388
2997
6803
4064
1712
3498
1756
558
478
6609 8177
7373
5070
3428 9573
1968 7816
3031 7922 8474
5486 7777
2267
2047 7548 9943
6454
1188 9678
7308
2409
1846
462
1743
5829 8482
4695
2101
836 9480
5882
1616
3317
7533
1674
4508
2264
3019
4287
6465
1050
4703
417
2870
189
3187 7797
5464 9236
7498 9332
1079
7366 8440
5746
3471
5284
4287
1594
6340
2396 8909
2108
4902
3357 8085
1658
6970 8776
4449
4864 8294
1654
942
856
1560 8571
5147
5068
5960
3212 7805
3857
2588 9417
201
6022
3455
3053
5757
1593 7806
3696
133 9132
5933 9146
7147
119
66
6612
968
3431 8235
7059
1127 8555 8918
3476
5380
497
639
5861
5396
5361
2533 9350
4823
6518
3985
2272
1741
2962 9502 9970
4439
5972
2787
6334 9278
517
1311
6907
6433 7739
5771 9871
7397
103
320 7820
6618
2536
1538
2574
3529
1834
4738 8189
6379
1654
4515
3534
29
859 8214
3561
6019
6739
4183
5721
6105
6122
5894
2496 7657
3824 8147 8739 9298
7325 9164
1488
7653
6810
1120
4982
6465 8825
3580 8572
1860
4750
6224 8942
3344
2357 9009
5225
6114
6660
2421
1048
3493 8988
3897 9428
3248
1067
4316 7859
4407
1445 8198
2684
1255 8325
2447
6103
2832 8398
1301
5970 8463
3198
5045
7421
4206
3648
4212 8448
3707
2055
4231 8712 8721
740 9381
870
4020
1172
6911
2203
4660
7352
1934
3415
3656
4554
4055
4093
129
1030 9731
188 8125
4053 8458
1611
3181
490
4457
3429
3747
5310
3139
1752
1916
919
2745
1996
6161 8010
1578
632
4747
2589
2541
2649
440
4590
6378 8137
4394
3679
7627
7070
4015 8284 8350
4928
4675
6517 9192
4359
1317
4197
616
6202
6889
2029
6561
1705
3235
6837
3056 8544
2225
6025
3456 8185
6114
1251
451 8762
1002
5765
3633
3023 9593
6478
5125
6879 8783
4787
4101
6072
6701
1617 8148 9310
2789 8992
3294
7531
7429
5247
7081
1287
2810
4382 9092
4287
5344
6230
4985
4998
7307
1790
3515
5598
4716
2385 9309
7486
3558 8833
7560 8321
1968
3309
5284
979
356 9616
1431
5633 9255
7586
7594
7038
2865
1980 9599
1252
3906
4474
4267
5638
1872
7529
2435 8251
2331
531
7631
46
7363 7823
7822
1761
572 8738
4213
5040
4200
4204
2148
5504
4927
4343
3719
3061 7943 9465
207
1789
7408
2980 9597
6700
7338 9715
3266 8718
407
5257
4153
4865
2980
5568
7237
489
1593
1362
5826 9600
731
1497
4292
4730 8423
534
7677
5176
3675 9068
238
901 8517
2588
4921
6157
698
26
363
1460
5547
5251
1399
127 8000
250 8225 9746
1772 9026
6817
857
60
5798
1743
3126 9825
609
7289 8603
2362
1210
586
7253
5116
5439
5781
4209 9838
1302
3372 8121
1512
7099
4450
3832
179 8331
2871
1416
5773 9924
2130
2537
5126
3688
2786
4286
6308
4782
1247
4637
708
5200
2283
6756
340
1995 7952
4000
5706
3739
7530
5796
6253
60
2532
958
911
5544
7196
7274
4604
2013
83
5715
4315
6590 8174
1434
7131 8003
5774
6271 9984
5541
7835
3475
6022 9319 9892
1890
1149 9824
3238 8040 9191
3637
4939
4567
7918 9846
5716
1851
6066
6020
805
1322
2476
2070
4384
4016
5242 9303
4016
6584
3948
6164
2465
6153
5945
5379
6121 8728
3963
1561
1712 8676
3201
6133
3508 8726 9744
1873
81
3503
4307
6966
2034
6642
2861 8140 9376
4249
2260
513
1716
4634
3414
1871
793 9672
3907
5691
7315
1618
7456
7874
3613
3459
7939
7284
553
4099
2636
6452 9203
5815 8602
7727 8452
635
3743
1834 9115
4571
3132
5559
3406
3453 9318
6366
4893
3254
7197
3497
2161
4777
3263
5775
6767
3095
2011
434
7463
6880
5842
3023
6894 8774
5896
35 8869
949 8802
7948
5287
7205
7451
3523
6241
1296
6229
1688
4642
7188
373 8952
363
3213
3144
6481
5089
4204
267
698
6845 8667
3283
3119
4442 8579
3783
1496
185
6326
4499 9187
5323
5485 9972
263
4821
4143
4126
4044
3795
6110
5862
6079
4878
3195 8128
23
542
643
7574 9769
7423 8499 8669 9040
4779
6278
6107
7492
6204
691 8908
3923 8947
6306
2626 9130
4186
4746
2303 9739
6169
5019
4977
6861 9157
6202
7434
6301
220
5273 8556
1098
3853
5232
2655 9183 9727
6970
4106
2047
7322
7049 9359
2209
3021
1066 9543
2062
7894 9084 9648
63
6293
6085
7712
382 9609
4254
8081
3628
348
4077
6399
5008
6682
7339
91
7736 8317
359
4110
7986
4548 8865
306
4367
4086
7398
6424
7654
7774
7332
2129
4364
1459
1805
2489
7094
6193
2578 8804
7172
1731
535 8794
2111
1139
3475
6346
2568
4377
411
2408 8529
2500 9843
7070
2517
2385
2248
7937
3962
3823
7525
1263
902
4891
4481
5047 9951
3576
1892 8410
7759
2123
7107 9112
1642
7638 9816
2168
3821
2922
2073
337
5214
3860 9679
4838
7679 8772
882 9556
4553
707 9053
3393
4029
1323
3679
6408
1820
1102 8209
8208
7483
5731
4230
956
7644
3699 9817
2123
1923
822
3343 8351
5230
2838
4809
5569
1667
7875
234
1772
2540
4219
6722 9575
7272 9154
1274
543
4640
7603
2688
6223
4109
67 9489
377
1620
5522
5096
6316
6229
7025 9054
1097 8278
1395
3453 9860
5936
7817
918
3657
7370
1789
7068
6899
5100 9109 9627 9676
5908
5497
5454
4522 8645
42
2392
5280
7197
406
4746
2071
3768
7148
2974
3394
5141
1734
829
2665 8353
8247 9655
884
6377
6726
4782
1542
7741
3949
1703
5796
6132
359
1967
2528
146
686
7578
550
518 9394
2220 9248
2910
4930
1321
1822
5806
3891
3911
7442 8991
3758
7309 9336
1408
2149 9928
3131
4755
720 9524
3284 8336
7406 9901
3575
5126
8137
7113
6651
2039
7797
477
433
1526
7681
3491 8379 8959
3729 8884
783
1042
3796
7899
6247
370
3955 8835
257 9717
8313
3733
6125
1872
1260
4402
2544
241
3857
6463 8748
5472
5458 9402
6420
3173
7741
8219
4265
8277
1714
4712
96
4619
985
6638
5953
6464
193
857
4093
6382 9114
6388
7444 9370
2089
3410
3476
435 8503
2925 9669
7240
6816
3882
5820
2816
2690
8326
6239
6376
6827
1354 8697
7128
2653
6879 9720
5346
7516
1934
6912
3571 9893
3918
4586
2623
6719
6905
1869 8531
7684
4571
4440
1508
696
1284
2676 8491 8650
927
4865
3894
3774
1069 9885
8184 8682
570 9000
5725
2143
541
4284
2149
834
6875
3119
5231
2546
4273 8816 9664
7857
3978
3937
4438
6047
2132
6357
1601
2863
374
7264
2113
344 9485
4474
1581
5673
6726
7564
2159
3105
6021
4327
5566
6464
4652
7692
5724
1870
2392
8010
7394
3255
1831
3758
3599
7713
1511
7277
1588
126
7686
676
2847
4674
3192
6543
5770
1118 8923
2573
3850
1429
7530
4130
1756
418
577
1702
7075
899 9624 9682
7541
4840
2315
7098 9160
1619 8611
4848
6694
6728
5881
8404
4149
2594
3739
1756
4825
2074
3910
8086
6557 9080
3631
5974
8371
4092
5250 9584
7157
2535
1389
2847
5938 8542
5433
3652
4671
3615
600 9276
5817
7863
5807
5273
6087
2547
2545
4664
5845
6832
4664
5337
1460
8168
5439
8397
64
7421
3277
5529
854
674
3416
3028
1892
5172
8510
1930
7756
4526
1180 8815
1009
6104
5420
5819 8787
1209
752
6411
1730
7605
8107
5256
1238
4571
2335
2808
1558
5501
6886 9985
2691
4367 9578
3840
1699
327
7187
7582
7662
4754
2695
3861
1245
2660
4962
8063
1275
6910
2394
4269
4870
5750
6828
6982
2353
1906
3309
6050 8946
6200
1228
5463
4662
4735
174
2373 8761
6799
499
1981
8009
7884 9884
5557
6302
1168
2049
7097
3552
997 9108
8486
1594
5638
2770
7291
3149 9740
1787
3062 8948
5510
4238
3484
6132
5268 9323
6233
409
3157 8765 9374
6031
5205
2526
991
1631
3657
3982
4335
817
4344
2709
2794
1630
6005 8790 9283
490
1384
2196
1253
8262
361
1915
7334
3124
8404
6187
6965
7496
5134
6929
7146
3319
100
6411
4888 8803
6726 8851
5231
2787
7393
5759
2944
8060
3256
8086
7155
6881
7500
1912
4204
3412
7975
278
2727 9784
4819
3647
7467
8410
925
5467 9195
6810
7083
3053
1691
3272
4674
3825
3292 8793
2924
5109
7020
3148
8383
2301
84
2322
6357
4709
7108
2793
614 9362
6689
4027
3462
5667
6923 9910
2642
7695 9406
3032
1061
544
3429
5182 9151
7842
3527
4529
7695
218
4749
4080
4242
7978
1934
7972
5574
1684
5941 9694
846
823
2657 9335
6185
6933
5807
7825
7654
3408
2428
1911
1691 9890
3619
1916
2304
5549
8345
331
452
1726
6081
7255
3507
3638
4384
2935
1625
4670
771
8598
7762
3141
5783
8626 9193
2627
4138
2419
447
7247
7408
8198
4943
8036
2020
7576 9886
6356
977
6023
1027
4279 9939
5773
7769
4220
7326
3438
8550
2941 9233 9894
872
8640
3436
2180
8692
8160
5125
1163
4527
343
2363 8840
2683
7246
8039
8660
8157
3611
6034
2855
3538
3602
2333
182
4327
4421 8940
3581
8546
8422
4130
4366
4492
2961
4622
5808
909
5878
7661
7230
4574
2448
7493
6188
6942 9635
3575
7796
1374
8334
2659
2467
6045
1366
8799
4518
3586
4528
6581
3494 9980
6561
5766
4845
6287
5352
8661
7099
4760
2288
7265 8936
5817
164
1534
6202
5385
7151
7268
3941
2642
8141
1531
274
1293
8038
348 9169
4193
5123 9468
5940 9360
5666
7298
3448
1546
556
6495
6841
6777
4805
6994 9369
8327
3954
5719 9450
5137
447
2554
2474
4039
6265
5624
1515
3815
3258
3160
4067
4097
106
2957 9919
1823
7406
1022
4895
1618
967
8092
7571
4274
2032
6383
3283
6211
6371 9553
5908
3404
7605
93
5280
7139
5018
8470
6038 9197
3260
2708
2129
2956
4316
5270
2428
3875
7404
4918
1274
8855
5923
245
816
8813
2874
7665
5428
2767
1951
8591
8093
8618 9779
693
2069
3200 9741
8051
6132
7277
4391
6497
1578
5227
8326
4958 9184
6992
5449
3057
3779
7227
2131
1718
5603
5073
3523
321 9345
7238
1355
7178
6371
21
3605
686
5810
3612
2165
951
257
6594
6455
7046
84
7673 9339
4985
7043
8305
7775
5406
3219
3314
3557
2567
6919
6291
8411
1297
4264
4516
3229
2038
3549 9544
1378
5205
7667
5215
7001
4131
695
476
3141
5368
3864 9859
1749
6334
1813
2030
2477
5009
5689
1012
7876
4812
6073
7269
5282
4119
4497
4804
3443
3186
4187
1551
5709
4079
8086
7077
540
6392
6498
4394
4739
1119
5177
6894
5067
31
5371
8201
8246
1111
486
6356
4712
2287
3660 9625
2210
5635
4025
2778
355
2510
5756
7861 9434
6242
1378
1002
6098
3260
1298 9830
6524 9975
1014
6199
3072
4059
8500
2436
1332
6142
8121
1778
2704
4445
1441
3368
319
213
7783
997
2617
6740
5852 9097
9096
1959
2971
5343
6424
6664
4349
125
1817
5359
5044
8610
8258
364
7307
8187
2066
8365 9121
8013
6222
1246
338
4825
1332
9114
3561
5822
6913
5695 9487
3642
3712
784
6193
8095
7458
7596
5880
6915
2904
1443
6557
6094
6471
2532
557
4704
6406
2729
267
7597
692
4723
3044
1659
8717
962
6856
8231
7187
946
8102
5845
50
8485
2798
6697
3487
7655
2325
105
3226
2781
8870
3686 9571
770
3517
3115
3173
2835
4965 9218
2356
6483
1190
3991
4092
7262
8111
8960
3605
2380
8068
6185
6794
3713
7948
7744
8765
101
8684
5506
8924
1431
3414
6263
6947
2442
8008
1399
1270
3532
3688
1157
7158
7433 9791
571
6349
6276
910 9628
1451
2164
6571
9176 9853
1423
832 9343
4929
3510
4312
5470
2692
1443 9638
6616
396
3157
2581
1431 9722
7258
8788
6070
3070
7561
2313
6857
6060
6519
5579
1263
4014
2512
2926
2362
560
8297
1054
5939
5933
1595
5314
40
7804
4299
3816
1438
6421
3271 9677
336
3002
7442
7505
69 9341 9342
492
6134
6308
2276
5384
5076
1478 9536
1543
4175
1353
8515
4067
7623
1255 9809
2912 9882
7183
807
8640
3414
6247
6793
4715
6533
5669
4683
3839
4475
3479
3949
5493
846
1495 9851
7654
7471
6706
4147
5997
7963
6611
6624
1869
3419
5319
7794
7774
4354 9322
1364
1962
4489
542
5370
908
8018
7945
719
1324
9311
8623
6956
3850
4970
1141
3655
4223
5044
5375
7562
950
2293
8734
8307
6384
2646
8988
3010
9265
9265
9220 9582
735
8971 9689
3592
1845
1077
6446
7613
6117
1170
1942
1300
6539
3067 9712
4657
5039
8116
8873
4352
8705
3050
1643
3606
2233
510
5691 9401
8883
8367
4974
271
3913
8626
3231
7986
5625
4696
4536
969
7696
1008
6271
3970
819
7023
31
4751
2739
6070
3252
289
4594 9856
8296
6262
2368
5857 9797 9953
2129
624
3898
9368
8347
5835
1913
2467
8712
1101 9848
5394
6691
3240
3907
1437
4913
1554
738
2379
7588
4491
4229
3300
7206
2880
2515
4276
6583
6312
2694
7674
1468
844
1652
2836
151
9068
6391
3324
971
6650
2921
7436
349
6535
6736
7257 9772
3057
6713
6940
3917
186
8886
2563
441
5622
6447
2082
5267
3519
3915
2093
6298
7026
1870
4325 9738
4206
7835
2573
5350
8872
2016
6165
1575
5507
600
4935 9531
6288
2401 9786
2097
3375
4876
7544 9948
4015
1693
186
6361
8435
4958
9125
5036
8239
1643
84
5782
3693
530
7032 9539
2054
1308
2915
5165
5905
3361
7619
3464
39
2704
179
3309
5129 9576
4924
4566
5426
471
5262
230
1966
6954
6103
4048
2323
447
7100
6061
5368
8312
2248
2524
5167
596
3277
7405
9474
1606
25
7208
1174
9272
6555
5807
9495
5263
4487
5517
8119
9006
5844
5103
57
2163
3646
1031
1370
5164
8915
3596
720
8199 9881
2488
6681
17
5697
5427
3195
3655
5143
1756
6628
2714
3770
7281 9994
2911
9170
3964
7528
4729
8230
9508
4438
8566
1516
1272
5748
9343
7033
8505
568
4879
6978
1956
2585
4222
2459
1978
7766
1285
4609
1550
7839
7028
7809
7853
2862
4969
2787
2877
6757
3899
3391
6907
8126
446
2893
2967
5464
3290
5588
7802
4464
2457
741
3762
7250 9808
3167
3523
8481
9060
5534
8258
9214
7323
5174
6872
7050
4147 9968
695
8831
22
5170
9226
5226
897
4327
6313
5752
6941
5705
6053
4301
8121
4534
476
668
2714
1037
4360
8278
1137
5003
102
7189
3383
2759
2788
6562
8422
5262
2413
3120
1570
8372
7441
5018
7994
4785
1054
4194
8258
9260
7535
8196
4526
470
8481
5075
3275
6674
2450
4416
2911
9345
5120
1113
1118
5936
8731
2046
3928
2607
1877
638
3283
6936
1715
4917
6176
5456
4990
2638
2717
654
4696
4884
9356
6485
3692
7841
4883
8335
7070
6399
8386
5716
9231
3117
6759
991
1459
8111 9831
7210
6599
6251
7711
435
4602
5176
4760 9874
2495
4001
9463
8098
8616
8951
2520
3088
7978
2323
7875
4305
3836
5764
6305
901
146
5972
5980
5276
6940
929
2436
3925 9810
4679
2565
4999
7083
6883
5827
3185
2818 9967
2008
8085
1167
6123
9444
1490
5265
3915
3243
4792
797
8948 9914
4
222
4658
2912
8678
2513
9476 9963
3944
4525
3153
2936
9210
6506
2149
715
6260
5649
9397
5311
926
1561
6852
1520
6164
1258 9865
2246
579
1876 9845
9621
9279
9759
6580
6167
1236
7350
2219
8189
8215
4706
6214
1216
3480 9962
4290
6058
7947
7882
2020
2246
7157
4590
9074
9727
1410
469
4359
7235
6924
1768
7892
6539
396
2002
3436
8169
3405
9807
7952
6576
9407
6783
6680
9297
3651
9218
1493
6334
9393
5411
4692
9017
8249
1677
1047
2245
591
9804
3677
4007
6093
4883
3102
7628
2119
3763
9735
547
1178
6035
4465
81
982
9556
9280
5374
8603
8409
8776
5054
1339
3974
8743
3868
7945
8391
8788
5722
7321
6949
5549
805
3954
8314
4431
17
7439
6388
545
1061
3354
5581
8710
4535
4694
1113
9779
1510
3684
2981
6368
8901
1149
5076
229
4118
7902
6060
6540
3898
8309
5324
2764
101
6367
7203
325
364
1440
201
3453
8781
4951
4218
255
7533
690
3416
1715
6242
9480
739
466
8182
1015
9397
5357
1146
4072
7469
6807
1543
6120
2726
9821
9786
7098
266
7508
9767
9633
7074
7619
4287
8070
1654
4793
9075
2926
5115
4057
788
8845
2533
4602
3333
7941
8564
241
3942
4268
3733
92
1802
624
6484
9569
1714
3409
4200
1714
451
4294
