2 3 6 7 20 40 321 425 635 4375
1 4 12 57 75 88 158 6732
1 77 209 807 979 1351 7583
2 5 138 249 617 838 1160 2723
4 11 84 1498 3827 4391
1 9 45 151 455 1378 1838 2021 3494 4364
1 8 13 67 92 1002 2452
7 10 14 17 24 216 430 696 1106 6728 6788 8192
6 28 473 1063 1585 3039
8 52 55 3142
5 18 21 109 301
2 16 19 25 34 46 165 227 985 1081 8560
7 26 31 37 47 164 1570 1595 4562
8 15 30 32 101 228 366 482 2643 3083 3640 3678 3758
14 85 121 566 716
12 410 509 687 5446
8 91 502 3127 3602
11 22 142 179 313 3624 5665
12 27 36 97 104 126 812 1264
1 39 96 266 1681
11 23 60 215 288 317 449 5064
18 117 169 203 257 290 674 826 1190 2815 6680 9622
21 49 161 241 1261 3119
8 3087 4083
12 64 196 3597
13 428 1166 1580 4118 4651
19 116 154 328
9 29 35 76 80 102 576 595 1615 2846
28 61 188 351 1287 1328 1890 4532
14 56 324 559 661 3849 6547
13 218 265 370 748 1347 4912 6075 7725 9767
14 33 44 59 382 452 525 856
32 38 50 78 815 2199 7791
12 66 339 2697
28 41 1180
19 43 131 155 322 344 444 1099 4430 5669
13 42 53 272 282
33 202 396 901 3434
20 239 854 1625 2721 6698
1 51 7316 8172
35 340 362 1273 2003 2181 4314 5519
37 68 105 171 186 375 383 422 493 565 975 2101
36 70 100 280 281 2797 5745 6988
32 48 86 1232 2518 3449
6 79 882
12 240 466 469 1877 2983 5351 8090
13 74 156 347 699 2058
44 1918 2146 8717
23 54 58 292 552 1761 4751 4863 5219
33 63 817 823 847 2533 2732 4822
40 72 119 217 1788 2266 3279 3461 3740 4264 4295 4452
10 94 180 350 632 822 3938 7430
37 153 172 3652 7302 7515
49 62 232 306 600 1658 5485 7848 8267 9679
10 127 445 1481
30 108 230 260 470 698 1118 1453 1504 1670 9626
2 65 71 110 206 291 1050 2857 6409 6517 9449
49 187 3240 5258 6825 7161 8782
32 106 458 486 1101 4970 7296
21 907 1556 6977
29 129 178 224 300 307 1461 5896 6737
54 69 275 889 917 5156 5576
50 1811 6053
25 189 638 644 2258 2712
57 1509 1743 1866
34 122 191 1153 3274 3589 3794
7 73 283 1026 1290 1864 8504
42 1144 5208
62 195 201 6398
43 363 512 532 667 782 870 3726 6760
57 299 534 742 2009
51 123 1033 1690 2343 6981 9595
67 83 89 118 134 456
47 868 2326 3423
2 170 613 3513 5889
28 90 112 1695 6025
3 81 82 113 140 185 543 2307
33 1004 2128 2346 4546 6331
45 87 157 211 273 364 7797
28 903 7577
77 114 125 146 148 1089
77 503 2493
73 93 308 1230 1836 5085 9697
5 103 226 541 929
15 168 1219 1272 6466
44 99 150 219 535 2975 5197 5473 8135
79 246 1148 1950 8843
2 115 174 465 471 585 1240 3228 6295 8341
73 1387
76 190 296 417 514 601 3925
17 95 372 2498 3553 5688 5756
7 715 1241
83 98 167 418 705 743 745
52 1074 2928 3369 4134 7309
91 2194 2392 5906
20 107 194 285 378 2267 3033
19 124 252 554 1193 8904
93 136 162 263 1823 5052 5091 7262
86 137 166 259 7599 8287
43 111 627 682 778 1407 3869
14 128 1487 2596 2634 3628
28 147 159 245 527 765
84 120 139 149 207 376 633 1291 2383 4417
19 176 210 294 791 3002 7038 9586
42 182 480 2552
59 1188 1233 1477 2223 3520 6784
96 144 590 2248 2487
56 175 1440 1497 3090 4947
11 145 229 234 957 1612 2178 3329
57 133 744 926
100 183 184 695 827 1490 2870 7061 9629
76 243 434 766 1611 1941
77 677 726
81 1508 1554
88 312 489 771 932 1010 3199 5086 7814
27 197 547 2900 6181 6630 8784
22 130 345 702 2680 5859
73 760 981 2175
51
103 177 409 1140 1513 3374 8519
15
66 199 220 858 2276
72 2039 3962 4585
97 558 2264 5418 6449
81 132 205 403 1201 1619 2035 2336 2992 5649 8057 9229
19 359 393 2485 5751 8408
55 289 649 1003 1893 2687 3078 4363 6326
101 181 208 2063 9159
61 379 563 995 4171
117 784 2109 2832 3241 4927
36 1234 3831 5852 7167 9739
125 135 1699 3543
110 848 937 5007 7565 9176
73 556 3702
132 1159 1869 2899 3571 4341
98 279 1134 3736 4968
99 429
4 193 318 352 457 1045 1675 5864 6447
103 160 200 1065 2607
77 141 152 431 1084
140 143 727 1204 1258 1574 6407
18 390 442 568 1108 1238 2329
141 1514 2126
107 329 331 3360 4243 4923
109 204 235 998 3097 4693
81 1132 1367 7054 7561
102 237 293 730 919
81 242 367 578 1040 9707
103 505 1993 6042 7124
86 303 336 361 655 707 1308 2499 9277
6 173 550 665 2843 4566
140 284 1388 3446
53 841 4117
27 267 573 1292 3590 5855
36 163 343 381 2769
47 244 438 794 2004 7344
79 198 521 2050 7683
2 1073 1479 2572 2904
102 398 1142 1793 2340
139 529 927 9866
23 811 2271 9570
98 262 487 2197 3414 4273 7153
155 192 1500 2369
13 311 3937 4539 9295
12 223 508
99 411 934 1257 3295
93 258 520 738 859 4537
85 424 2537 3192 7110
22 222 910 943 1203 1423 2517 4052 4563
75 238 1018 1352 1691
42 225 231 5295
53 346 421 504 1209
151 214 385 944 1116 1444 3031 8169
88 248 256
108 213 276 6975 7524
104 305 371
120 597 615 1324
61 323 405 1491 2200 3403 5868
18
52 253 2135 2318 2927
128 315 619 754 1064 5436 9085
105 497 905 2730 8222
111 332 630 671 1665 9680
111 264 451 2377
77 389
42 855 923 1402
58 327 618 963 3999
29 540 940 6665 7462
64 522 1404 9583
90 2005 2024 5013
66 475 478 3557 6777
163 1199 1418
138 484 626 992 3188 6057
96 212 341 898
69 221 394 966 1043 1191 4412
25 3153 4201
116 270 320 972 2685
157 1516 7531
122 740 2731 4262 9537
139 274 892 2020 2324 4803 6045 6121
69 316 523 1115 6382
38 976
22 851 997 2103 7940 8509
145 251 357 440 2750 3261
125 261 2310 2691 3203
57 1609 3396 4210
103 435 477 1217
128 448 692 1389 9965
3 377 453 711 3438
104 297 666
79 4853
194 747 2884
175 298 753 1715 2777 4013 6604
173 388 492 1016 2744 3867 8921
21 247 608 862 2247
8 314
51 286
31 269 688 1678 2736
86 295 1353 9721
122 408 678 2152 2633
195 360 415 680 735 8117
169 236
165 439 1164 4315 5817 9367
61 338 931 4222 4240 8025 8416
171 721 2632 3538
84 233 386 583 888 6223
12 546 571 598 657 3654
14 391 741 764 1181 1937 3292
109 2794
56 832 871 1211 6550
171 3195 6770 8494
54 268 1471 8027 8164
226 1325 4157 5841
109 646 1044 4572 7288
145 355 4840
222 302 1260
147 414 7741 9972
170 255 769 2768 3246 3953 6046 6551
39 373 1246 1338 1998 3149 4632 7760
46 271 402 416 517 4864 5791
23 737 4066 7830
148 254 287 365
112 310 751 798 1175 2700 4075 4399 6036
156 6051
102 250 555 1194 3889 4298 4865
87 691 1433 2091 6197
215 549 947 1899
174 891 994 3115 5653 8382
4 277 673 768 805 2277 9979
245 1458 2862
204 1664 2008
97 459 1212
180 423 4025 4677
242 400 2138 3032
238 1817 1959 5835 6316
174 974
22 1454 2031 5491
167 342 545 637 866 949 3419
99 419 526 780 877 2540 3796
56 867 1082 2781 5293 5618
205 380 474 610 1031 1088 2875
162 1744 1976
98 2288
184 528 736 1113
31 609 3603 4441 6340 7383
20 1463 1604 2760 5782 7734
154 326 1092 2838 3840
232 1301 2019 4221 7416
218 333 384 1091 1270 1405 1779 4091
197 278 887 1528 2618 4835 9267
240 1859 2325 2585
37 6439
79 349 516 770 2059 9340
200 335 356 2958
62 2224 4162
175 330 1163 7255
249 706 1700
270 2283 2726 3263
136 2445 7045 9897
43 664 4858 8162 9702
43 304 1286 4862 7023
37 878 935 3099
67 348 8323
152 353 4638
96 575 639 1318 5148
217 454 846 6100
242 399 432 1023 1038 1803 1891
21 2275 3514 4929 8879
127 490 544 2401 3222
22 1329 2948 6020 8901
57 358 872 2842
49 587 3073 7366
147 2182 3132 4179 4908
104 842 962
219 2081 6093 6905
90 2183 3817
210 401 1349 9078
213
71 604 1930 7736
61 3302
11 369 1696 3370 3372 8459
236 3854 5301
150 603 3029 4202 5191 5368 8118
281 368 774
176 1167 6503
54 309 476 773 964 3336 8818
61 758 5290 9009
83 651 670 792 1366 1421 3704 8883
306 319 426 808 1012 7570
243 537 1210 2304 3859 6497 9052
164 581 1568
115 488 1616 4796 6442 9627
18 511 1067 5292 6257 9830
216 354 930 1451 4419
181 2589
201 6451
21 518 1122 1262 2563 5282
138 542 4794
309 325 1624 1902
197 337 1380 5170
1 406 884 1643 2593 7183
36 437 472 3271 5844
178 387 436 1478
30 446 3215 5927
319 334 1642 1884 4540
267 1049 3311 8200 9930
187 463 468 1094 2246
27 629 829 1846
144 479 697 982 1385 2147 2802 2861 7004
276 586 1400 2616
144 750 2127
183
269 686 1957 5166 6096 6460
325 1173
274 2331 5047 7240
150 621
320 1186 1923 4258 4630
224 4897
34 4130
41 6142
194 1248 1698 2151 5600
258 656 1822 3256 4806 6048
155 1495 2015 5116
36 1227 2785
117 483 893
172
47 481 567 1137 4930 6101
283 395 881 922 1110 1837 2507 7386 8173
273 510 3688
52 491 8909
29 1154 2496 5722
138 3790 5284
284 683 873 1025
314 4852
235 374 433 951 1285 2701 5998
274 596 875 1386 1652 2040 2545
204 662
291 1008
126 1886
221 1120 2799 8734
150 397 412 1083
41 5323 6123 7482
70 584 3567
79 703 1256 1297
242 7331
14 967 2580 7710 9415
148 642 2153
304 1518 4941 6072 7007
301 2218
31 531 694 953 6650
176 1205 1276 1605 7521 9282
91 1281 1356 3402
239 606
355 530 675 684 833 1235 2987 3170
42 413 623 989 1303 1800
103 594 4609 8277
209 1540 8405
96 1969 3353 3569 5648 6482
129 708
261 392 6923
155 569 2212
32 1365
42 591 1035
269 582 1714 2344 4911 9664
173 2790
226 850
323 5222
214 404 4343 4720
185 4279
142 2413
228 539 1096
380 1493 8995
126 3191
195 485
348 602 983 1410 5480 7435 9339
38 779 2203 4405 7526
361 462
159 625 3930 4443
287 553 1155 3491 7069
254 460 6361 6896 8142
297 407 495 2006 3846 5365 6071
240
125 800 1708
388 704 830 1357 8007
178 818 6678
321 1656 1663 5291 7574 9708
401 420 853 1107 1332 2438
220 592 958 4985
120 659 672 1020 4732 5898 7539 8569
16 570 857 1125 1333 6817
166 513 548
361 1736 2350 3584 6311
375 447 620 1692 2574 3126 3630
237 1916 8781
221 6705
240 467 1719
90 427 616 1157
93 938 6851
259 1419 1913 4854 9042
407 2371 7452
172 507 806 1171 2604 8023
42 2766 3243
253 828 2778 5635 5660
168 498 886 904 2911 2924 3780
1 628 772 3583 8193
309 1657 4437
417 728 1139 1255 3450
26 681 2576 9481
137 441 443 464 2211 6411 7871
8 3766 6386 8467 8654 8771
140 519 580 7854
287 725 733 752 3381
355 1046 1149 1507 2141
112 593 1888 2339
207
323 4390
322 1547 2620
156 731
223 496
204 2829 2886
429 729 7211 9635
142 1143
429 3008 4310 7015 8388
36 450 885 894 1086 2460 5042 7750 9530
55 624 845 4487
324 1224 1542 2468 2595 4871
413 574 1571 2022 2262 2467
208 759 4928
21
444 524 1774 1935
184 611 836 1223 4600 6029 9594
32 942 1102 9389
209 869 991 3782 4525 6843
286 2358 5951
6 914
73 2805 3378 3585 8498
138 897 1651 2440
59 461 560
252 8779
400 720 1739 3152
458 722 1187 1844 5747
397 668 1053 2638 3046 4470
327 709 2834 2979
429 1940 2890 5750 9329
88 1752 5675 8237 9357 9474
46 647
416 739 2074
327 955 2061
46 494 1983 8041
56 809 879 8046
88 1066 1177 1354 3777 5134 7230
322 1251 1598 1978 4455 5075
9 4543
261 6192
191 515 2692
306 945 3268 8886
207 1007 2577 7508
191 605 5454
329 776 1231 2034 3607 5959 6761
105 6571
347 1047 3120
14 1413 1797 3754 9784
345 634 641 3463
193 1601 9174
394 679 7214
59 599 996 2089
162 564
312 971 2217 4490 6945 9278
115
289 653 1790 2568 8477
350 1593 4064 5062 7884
214
42 500 1525 3718 5132
469 506 5369
401 499 1679
439 1597
182 501 2754 5935 6758
424 2133 6855 8013
495 825 4757 8704 9566
493 1767 2822 5267 5545 6458 7338
497 921 7389 7581
17 1475 1806
82 561 1133 1912 2179
172 1706 2677 8942
149
494 643 2000 9070
421 1114 1984 3694 6141
165 863 2417 6638 7644
16 724 1970 4535
349 1780 4280
313 5101 8690
70 1536 4388
411 533
90 1865 2422 6239
475 622 1151 4098
273 536 538 1011 3788 5143
240 1027 2282
317 970 1168 3069 3410 4949 5900
431
167 4324 6392 10000
157 712 775 5000
189 1138 1562 4182
201 4662
450 796 801 9546 9567
32 652 701 1926 4410 8522
259 843 961 1244 1488 1569 4402
102 1069 1156 6212 7101
264 1472 3982
160 1111 2666 6327
374 650 658 5476 6279
370 636 4124 4323
70 1061 1709 5360 5699 8648
513 1363 2037 4233
71 835 890
86 588 669 849 2297 5999
516 557 990 1502
310 834 1336 2045 4160 5006 8630
516 562 895 1112 1317 2090 2134 4366 7992 9592
391 861 4646 9018
188 777 918 2032 3089 5500
84 734 1968 8450
318
77 4875
289 645 2869
258
227 572 3929 8053
116
411 1795 2139
247 551 693 1524 1682 1944
151 700 6647 7495
549 925 1055 1377 1426 1539 1855
49 4718
399 1606 1654 2613 3563 5962 9843
97 577 1919 2562
245 5573 5931
134 1237 1573 6931 7979
536 9403
124 2614 4046 7048
30 1315 2110 3323
458 8385
503 756 1501 1587 4003
538 579 1198 6388
129 797 2193 3700 4150 6865
487 1710 2774 3955 5790
42 786 1017 3218
15 876 1220 1350 2606 2914 6469
347
142 607 8554 9451
381
410
227 908
546 1805
154 1054 7976
447 1236
285 7747 8080
28 783 1226 1345 2755 6997
554 1207 1910 3009 5271 6898
148 1304 1655 1907 2480
562 1090 2192 3265 6603 6611
431 1021 1412 1637 2327 4000 8593
311 950 2442
384 1467 5968 7634
226
363 2502 2659 8152
88 714 2007
330 1119 2629 4356 5225 7590
292 1058 3756
535 589 648 790 6949
588 685 1415 3883 4284 7875 9155
107 2376 3070 4893 5685
383 7530 8502
408 689 5455
434 767 860 3646 5057
376 1782 2096 2220 3038 4524
28 821 924 2405 3200
356 614 1048 1123 5415
177 896 2549
227 723 799 840 874 1019 1483 1559 6940
486 612 820 4192
54 713 1849 2136 4932 9875
90 5549
395 2844 6520
303 2188 2922 3144 3772 4795
299 1721 3052 3065 5550
478 1996 4482 5548
373 911 2071
568 4155 5169
215 3375 4186
265 6831
261 793 1130 3920
451 710 1214 3111
599 8972
75 839 2561
596
177 1298 1358 4015
417
4 1052
187 761 1249
181 902 920
413 631 788 5834
336 802 2474 6432 7669
515 1129
375 7807
445 1408 1592 2454 5620
398 1311 1704 9073
193 3257 5836 8059 8652 9431
100 1667 1728 2206 2907 7394 8283
425 663 732 3771 4007
328 690 4597 5310 5941 6317 6888
183 4892
620 640
52 1383 1751
103 2421 2608 8740
483
1 660 1307
531 746 1476 1781 9214
258 5948
64 1914 2269 5264 5486
285
631 1174 8737
483 816 1588 1816 5528 6641 7973
367 2681 4653
506 7868
64 900 1745 2581 3401 8902
544 1161 3875 5012
234 1135 5772
466 814
588 810 1456
127
530 988 2436 6639
308 1068 1727 7806
525 654 913 2229
490 789
652
150 4190 5189
342 755 1376 3490 9012
227 1215 2112 5888
530 2660
409 1041 1172 1515 2795 6114
635 676 2950 4578 5087
30 3367
357 1394
628 1196 2536 2792 4972
280 1029 1505 1533 3609 3708
151 1590 1742 2497 4275 4702 9698
210 1915 2449 3249
70 3405
462 1963 6135
535 1360 3036 5477 8262
308 2105
183 2708 3156
409 717 1602 2475 3876 6577
249 1992
22 928 969 1355 6022 6301 7864
374 1170 1482 1599 2852 2993 3573 6476 7566
660 1791 5412 6217
113 1037
220 1259 2489 2514 2586 5044 7190
485 2623 3844 4283 6091
221 819 1176 2676 2773 3896
428 1499 6032 8803
100 2458
353 1059
374 865 2046
589 3745 4579
333 831 1753 1762 2944 4289 4680
16 1437 4494 7253
218 2293 2526 7582
592 3103
629 2466 3914
246 1000 5503
208 1103 2477 2888 3034 5163
549 1620 1789
370 4872 9094
111 978
8 1873 5883 6578 8331
329 2319
56 762 852 2038 2149 3134 4918
47 1146 1293 2292
550 781
525 1202 2036 5804 6683
117 1613 1702 1717 4008 7905
364 2804 4381
404
93 1565
277 2255 2333 3741 9322
150 1313 3314 7630 7698 9499
379 4901 7259
463 718 1080 1589 9221
611 1283 3190
209 763
521 1095 1397 3690
600 1473 1763 5184
585 2347 3595 5319
92 8240
15 719 1070 7887 8653
672 8636 9140 9458
709
716 4145 8144 9207
460 2068 3015 4136 9807
225 749 1639 2661 4559 4974
461 2456
598 915 1399 1449 1759 1971 3320
509 2243 5144
432 1796 3081 3975 4045
113 1274 1391 2903 6164
141 959 8439 9164 9963
427
441 1429 1758 2118 3486 3532 3870 6555
147 9713
438 3539 3617
628 1510 1885 2991 5498
432 1821 2150
541 1457 8960
221 1626 2047 2699 3768
264 1794 2826
241 1631 6178
167 1974
467 1331 5758
199 973 2210 6718
228 804 3278 9750
71 1555 1958 5716
93 795 1987 1999 8298 8484
110 912 1716 5928 6951
93 1228 1447 3068 8055 9187
636 864 1136 2965 5104
212 757 3811 4847 5111
31 1466 3319 3961
721 1411 2013 4307 6748
331 1985
243 4408 9115
432
213 1649 9193
181 8368
656 1128 1282 1344 1561 5199 7223
561 1532 4479 8109
747 844 1627 1712 3664 4820
307
448 1056 2396 4427
118 906 2841 6913
618 2311 2437
698 1062 6435
711 5080
228 837 2473 2515 3053 4556
102 787 1583 4423 4698 5127 6929 8610
112
593 803
249 1754 6090
238 8390
273 6795 8609
115 1636 7225 7510
425 2433 7247 9525
306 785 2225 3169 5571
304 1321 1895 2155 2933 3212
521
479 2026 7936
540 1364 3466 5603
100 946 1621 4476 8034
396 6367
259 6711
700 3994 9216
70
576 1121 1596 2322
130 2113 2847 3579 4039 4342
773 2142 2667 2725
565 1521
765 1335
620 2408 7909 9388
653
588 952 1443 4246
104 813 999 1085 3267 6290
308 6140 7956
610 2426 2615 3899 6978
156 3187
743 1165 1903 3795 6368
524 1591 2450 2947
563 5544
243 5066 9411
598
403 4050
524
621 824 4679
767
741 1117 3931
249 1829 3722 8849 8870
421 1105 1178 2866 8864
3 2216 2341 3211 7427
309
470 1936 7121 8726
648 1738 8853
161 1087
19 3948
791
647 7363 7799 9022
33 2652 2752
641 1015
50 2259 5797
405 3501 3993 4385
680 1973 7621
599 1100 1962
595 1361 1494
52 4855 5923
50 1006 1368 2637 5507
802 1442 1470
499 5030
22 2234
111 1431 8474
423
328 3075 4716
404 1319
686 2355 3171 5440
230 993 4103 8551
374 1009 2447 2788 2817 7429
537 1362 2294 3376
534 2049 2780 3091 5682 5740
451 1079 8990 9967
764 4731 6131
4 1650 3839 7551
613 9846
598 9398
153 2042 2404 2696
294 1051 1718
526 2953 7592
757 1263 1409 1804 2420 5526 8452
445 1239 2710
286
50 1438 5253 5985 9181
133 883 1250 4185 7414
535 1680 2295 3714 6249
386 987 1310 7458
203 1668 2418
698 1953 2938 7555
407 936 1396 2901 3104
39 1014 1506 5447
186 880
32 1485 3852
410 1480 6750 7256
122 1042
167 1280 1428 2982 3129 3783
593 1320
539 2893
215 1034 1305 1382 6423
508 1028 3716 4793 8254
746 2626 3385 5875 6160 6299 6336
684 1076 3258
258 1104 3306
260
74 1847 1870 3897 5265 6826
453 956 1141 1512 3618 3969 7798
70 1030 2244 2945 2960 5805 6542 7720
230 948 1036
291 916 4336 5192 9082
353
598 1078 3437 4567 7479
356 4022 5078 9355
566 2065 4205 4715
259 1093 1530 1801 2734 3751 7870 9991
282 1299 2579 2720 3900
470 2312 8465
855 899 2238 2636 4517 7165
348 1127 1268 1961 9571
45 939
848 1764 1860 1980 2094 9060
321 1097 4102 8466
444 3232 3692
424 909 1925 3018
270 1265 2523 2729 3594 4212
226 941 1384 1862 4557 7676
62 1024 2570 8157
534 1152 3048 4644 5090 7781
248 1060 2997
200 2186
345
444 2491 2897
538 3713 4769
597 3322 4347 6958
457 965 1578 1607 4798
194 1275 1911 3409 5534
880 1267 2809 9905
644 1820
38
619 1660 3917
80 1013 1567 2164 3286 7093
424 2104 4849 7625
182 1213 1216 1898 1990 2775 4594
760 1242 5891
60 1560 5228 8552
571 1614 1853
886 7265
169 1511 3145 9039
606 968 1032 1393
744 6515
652 1001 1071 1610
455 1005 2012 7656
723 1905 6015
872 5254
62 933 2198 2855 3428 9911
540 2230
147 3893 5287
619 1549 2824
501
348
186 3627 5990
595 1302 2254 2516 2880 3619 9016
551 977 2751 4073 5925 6148
110 954 960 2011 2176 2364 3064
160 4694 8158
674 1192 1647 5298
84 1124 8996
314 3836 4087 8206
224 1295
115 986
917 980 1022 6347
166 3202 3512 4786 7122
282 1749 6509
853 1632
133 1538 1662 2018 2462 7880 8598 9734
418 1979 2076
882 1252 1395 2807
188 1294 2642 4465
888 1162 8579
452 984 1379 2273 3672
169 1126 9462
173 5973
476
778 1584 1697
247 4211
871
258 1548 3388
581 1269 7481
355 2461
790 7773 7837 8036
370 9631
926 6775 7989
468 1221 1289 5939
869 2301 3728 8127
109 2173 9099
408 1179 4214 7014
727
926 1057 2522 5027
526 1492 1645 2070 2619 3574 4401 5567 7317 7511
294 1787 1927
187 2209 7326
306 1200
897 2370 5679
195
366 2519
911 1403 2494 4338 6848 7484 9057
674
518 3503
488 2232 4712
197 1098 2168 6054
740 1908 2990 3303 8293
256 3675 3921
42 9886
202 1954 5303 8426
925 1371 2241 4463
695 4484
3 1245 2556 7601
933 1075 2359
118 2390
329 1720 1819 3871 4036 6934
395 2917 4943 7937
942 1785 9985
12
932 2366 2860 7282
850 3185
650 1147 4167
375 4964
536 2472 7866
453 3173 3792 9479
193 1150 2289 2415 4251
832 1296 3481
248 2349 4321 6092 8084 8900
129 3910 8555
486 1966 4461 5950 7805
203 1778 5946
145 2980
791 2025 2444 4785
691 5812 7096
913 1185
7 5309
127 1922 4984 6587 9488
78 1158 1486
914 1531 2170
823 2521
477 1534 7878
358 3439 8030
833 4252 6999
115 2998 3368 3659 5362 8943
516 1182
309 4754
903 1109 1206 1309 2647 4059 8106
854 4445
816 1323 1434 2080 4226 4845
214
565 1218 1766 6616
170 1145 1644 6749
598 2108
409 1852 4056 4512
580 5031 5344 7216
933 2202 3679 5506 6643
287 5601 5838
889 5335 6303 7186
353 4558
67 1039 1880 3316 3887 6163 7210 7696 8750 9779
517 2213 6247 6575
863 1271 2084 3377
664 3296
870 3371
261 3133
911 1247 3393
72 2054
862 1867
383 1777 2630
871 1300 1334 2044 4797 8691 9135
677
287 1572 3416 5599
1026 1372 1686 1826 5122 6695 9632
148 3644 5200
659 1553
858 1641 4779 6816
195 1370 1876 3277 4666 4736
234 1208 3150 4664
138 1722 8282
433 2010 3928 5133 6998 7072 9043
481
596 5158 6659
326 1229 4740
57
842 1659 9063
617 2985 3165 6079 7297 9020 9596
462 1225
573 1701
551
759 2072 2100 2335 3946
960
587
683
891 2317 2655
532 1594 2439
762 1243 1909 4710 5813
9
181 1306 2463
139 2227 3529
471 1945
313 1077 1948 3343
651 1195
527 1557 2823 3826
716 1072 1169 1327 3542
913 1848 8239
1070 1266 1740 2184 4362 4634
158 4942
94 1746 4229 5242
980 2095 2929
865 2525 4001 6832
1067 1401 1563 3489 4393 7792
874 9262
836 8316 9763
709 2969
12 3847 4997
260 1991 3344 4486 6804 6808 7738 8852
361 2431 3037
140 1951 4870
791 6783
444 1424 5011 5987
811 3742 9084
261 1550 6752
81 1253 4095
579 1535 1892 2798 3601 8566
269 3057 4165
267 3791 6149
877 1131 1448 1977 2290
327 3294 4775 7785
712
391 2402 9836
884 1882 2354
972 3227 5942 8024
36 1374 1427 6984
820 2926 4605 4635 5676
59 1254 3658 4040 8481
452 1222 7998
692 2837
866 2284 2567 2745 5255 6494
806 1881 2717 5630 6312
8 1184 2414
407 1339 1724 2840 4033 9333
142 2464 9124
1013 1369 2086
348 1468 2257 3181 3705 5048
529 1464 1600 4444
538 1197 8890
264 2085 5221
507 1189 4935
201 5871 6657
173 9301
804 3884
56 1450 2656 3147
586 7819
360 1757 7681
783 2453
317 2219
596 1747 3465 7674
929
410 4708
943 2360 8324
881 4006
755 1857 3287 3408 4105
622 1326 1579 2403
610
1093 2682 8884 9341
146 1422 1856 5755 8247
503
136 1392
646 3255
746 1982 3895
347 1417
522 3510 6161 9203
427 1872 3806
120 1648 2062 2386 4717
869 1462 2016 2459 7217
159 1635 4685 5334 5643
442
68 8491 8786 9806
1018 1312 3397
699
988 1416 7075
87
433
992
515 2424
890 1725 2056
66 3082 6900 7843
351 1575 1731 2306 2316 4577
399 6725 7533
527 5469 7962 8657
417 3282
1004 1314 5768 5798
135 3974
4 1342 1634 2363 3807
645
941
276 3577
223 2603 3913 8201
795 1685 4521
26 1284 3615 4286
305 1901 2786 4317
518 2835 7412
1070
675 5177 9540
421 1526 2321 4511 7523 8576
659 1603 1677 1770 2208 8622 9728
334 4094 9126
640 1871 2845 3865
243 3226 3985 7280
680 2713
471 5140 5216 8586
806 1337
958 1183 1288 1322
35 1741 2594
228 1343
1011
1179 4588
1106 1406 3965
1001 6528
337 5662
461 2123
106 5886 7107
1114 5268
22 1669 1808 2077 2858 9703
195 1484 3592 6491
928 8725
97 1889 4433 6612
245 2578 6275 9870
1068 4389 8050 8878
663 1633 2622
1112 9235
562 1441 1452 5515 6128 8673 9987
192 1348 3843 3980 4085
964 8136
125 2069 2827 6741
701 8549
169 2017
141 3100
371 1769
1013 3035 3113
577 1734
1044 1330 4628
172 4595 6174
310 1517 5018
230 1398 5697
252 2342 3293 3898
905 1582 3500
611 2678 3431
657 2961 8633
905 1674
207 3217 6152 6707
1017 2735 2877 3698 3785 6580 7388
85 4120 7118
566
955 1420 5009 8729
1102 1520
451 1933 8105
446 6681 7009 9086
1053 2811 3041 4799 5655 8529
576 8256
344 1279 1543
745 2714 7278 9058
1049 3383 4135
83
479 1436 2573
44 8975
106
131 5721
374 1277 1316 3707 4788 7268
574 3665 6631 8744
556 2976 9436
142 1773 3469 6840
845 1359 4642
88 2097 4322
92 2279 3743
906
1062 2621 3667 7387
526 6378
979 4759
239 6414 8176
1032
341 8198
618 1756 7628
848 1346 1768 9792
472 1630 1879 3885 4158
939
1089 1748 3118 7442
1101 5121 6979
427 1897
364
166 3495 4713
141 3641 4531
678 2002 2305
236 1381 4959 6830
23 1618 1904 3013
317 1435
844
19 5632 6360 6533
887 8376 9672
1072 1340 1786 3471 9313
899 6146
881
950 2078
269 1278 7480
1028 1672 5312 7392
85 1586 1831
41
726 2913
898 2978 6258 6739
371 8071
1235 2144 3010 5203 5320 6088 7159
1270
1227 1465 1878 2204 5738
859 3457 4093 4166 4883
372 1564 9461
755 2380 6653 6928
710 2434 6098
1166 2302
355 1375 1455 1576 3304 3436 8275
281 1446 1949 4148 8998
29 1818 1854 7983 8844
1179 1445 1546 5680
955 2251
67 1544
103 2739 3523
154 2867 6244 8350
699 5779
940 4804 9561
931 5237 5822
993
364
615 2590 6109 8215 8928 9503
878 7546
1036 2584 3547 4230 4348 8845
268 1723 8151
924 2060 3568
375 2541 5707 8386
578 3264 4349 7397
862 2703 3877 4263 8045
1064 2902
635 3356
150 1519
1013 1390 1558 2041 2644 5397
850 1341 2375 4951
625
1145 2772 4753
707 1875 1975
1158 2863
559 1824
1235
538 1845 2587
285 2625 5593 6155
830 3572
860 1414 2479
774
1179
1015 3666 4456 5128
177 6523 9835
233 8410
1129 6095 9929
1070 1474
29 1986 5236 8645
290 2280 4377 4477
1208 9120
739 2740
407 5232
410 2810
1036 1425 1707 1735
787 1799 3290 5631 6513
537 2162 2425 4791 7079
1178 1566 1906 2490 3321 4209 7832
239 1981 3998 7081
1107
1266 1683 2816 2896
1310 1469 3056 3478 8155
1160 2111
1181 1552 3808 4462 6558
755 2905
576 3071 3802 4509 8710
1250 1581
31
1199 3430
297 2749 3978
566 1671
3 3636
170 2635 5645
219 2719
471 4282 4576 7218
674 2064 5385
372 1694
404 1503 1792 1894 5393
615 1689 1921 2281 4977
1239 1373 1813 3546 7100
669 4057 6885
821 8911
834 2757 2920 3711 5693
533 2675
777
382 1703
308 2949 6796 7470
146 5017 5146 6342
823 3570 7794
1109 6108
1043 1459 2451 6427
977 2129
1039 1760 4946
1359 1439 8772
1099 3509
1285
656 2165 2564 2994 6218
551 1825 1967 2014
6 1460 2770 5846
942 2148 5733
320 1522 2758 6714
1260 1835 2260 3189 3812 6395
862 5180
632 8079
888 2410 5622 7229 8530 9215
329 2455 5159
356 6200
89 1934 3732 4071 8397 9732
152
208 2274 2534 6286 7160
1309 2668
726 1529 4550
1134
911
662 2995 3239 6444
939 1551 1628 2627 3699 8861
853 1952
712
1211 2399
723 2582
330 2555 4225 5428
1077 2286 4522 5650
186 3540
968
189 3174 7513
269 4560 5739
1184 6495 6914 9250
100 1541 1830 3674 5558
624 4737 5909 6425
844 5337 6343 9815
395 4304 7835
749 1638
580 1995 2361 3016 5570 5988
482
1320 1432 2362 3476 3604
589
1147 3338
1137 3598 6954
192 2270 5887
419 4009 7920
1221 4061
308 2759 3515 3799 5304
1132 3005 4704 5640
169 3221
1086 2988 7157 9412
1334 1537 1750 3829 4058 7660
551 1783
1099 1430 2323 2345 6052 7493 9913
859 1730
729 1523 3098 3697
1427 9425
827 2356 2407
1414 5479
246 3252
1015 3117
1262 2398 3301 8269
1231 3599
687 1617
847 2320 4580 4857 6646
1373 2868 2972 5164 5247
108 1713 2707 4976
1198
824 1545
790 3866
173 3001
1288 5215 5568
1286 1772 3949 3983 5461 6005
745 1527 2191 3309
1093 2379 7933
723 1693 4034 7332
1118 7342
314 1827 3160 6147 6964
1198 1834 2087 7966
56 2048 6980 8989
257
1285
648 2528 5450 8060
734 6674 8499
250 6689
1370 5541 7639
1378 4808
61 1489 4449
1141 1887 4020 7919 8952
266 1798 2332 6172
1111 1705 3123 8229
1279
748 1765
582 2393 2803
1110 2154 3044
1341
824 2654 2728 4271
232 2187 5919
528 3524 4944 7858
713 3561 9196
1327
502 1496 4703
636 3763 5179 6602 6606
106 2161
323 5504
158 1931 3225
857 2124 4318
55 2705 5613 7438
675 1924
598 5364
1191 7185
856 7074
1004 3273 5777
101 2001 2057 7968
526 9453
1461 8788
111 2387 5910 9805
178
961
392 3555
821 3130 5793 7360
343 1802 7246
1475 1623 1646 2221 3206
108
5 1673
681 3238
163 4887 7301
561
536 1577 8074
1357 2300
56 2763
664 4502 5767
854
433 1997
114 2486 7289
65 4113
732 1755 6031 6922
910 2107 7706
869 1640 5921
120 2848 2935
143 3578
659
198 8384
1210 2530 4450 5776 7598 9045
368 4096 5920 6531
1308 3196 7352
1222 2910 7650
786 9912
1380 3558
1429 2027 4149
549 8327
493 2952
1171 4652 5729
1447 2915
270 2163 3007 4326 5789 8707
1391 2119 3281 3776
877 4223
1005
756
664 2628
1007 8910 9158
1090 4175
512 2767
1425 3753 4860 9923
937 1661 2143 2256
551 1608
377 3927
1407
446 2653 3552 4695
1227 4104 4846 6319
1290 2524 6089
1442
1288 2328
437 6904
949 1832 2831 6687 8682
920 7304
1088 7918
1395
1343 2469 7219 8108
1041 2631 4035
114 2674 3715 9146
742 2684 3945 4191 8212
60 2115 4414 4545
1069 1733 2303
1309 2030
598
907 1955
755 1737 9862
522 4895 8666
1077 2214 7407 8832
1281 4826
705 4777 9079
1337
903 1688 2245 2793
311
526 3066 5637
13 3051 6333 9842
447
1038
556
141 2883 4099 7502 9528
1154 7179
1285 2167 3072 6965 9119
1502 7984 9783
897 2033
1129
26 2488 9152
1346 3341
1213 1776 2999 3245
765 1988 3535 5244 5992
946 2878
9 1622 2043
1272 7700
561 2709 5539 8544
641 3565 4583
709 2159 4967
665 3391 4650
796 1629 2023 2052
624 2932 4697
491 6791 8088 8754
1061 1726 3006
13
783 2756
496 4608 6722
472 4029 9098
675
1111
484 1666 2569 4478
672 3208 7235
1172 4141 8937
266 5147 7426 9954
371 2611 4631 5770
553
897
1539 3019 4144 4483 7357
206 6255
913 3851 7950 9766
112 2252 2859 5652
109 2098 7367
702 3205 5346
908 9710
28
312 1939 4469
1437 1900 1943
1261 1711 2131
125 4735 5251 8891
693 4176
778 4051 6354
1585 9156
1496
319 5555 7066
39
735 1812 3404 7954
757 3000
1395 1676 4018 4603
1591 6860
1251
737 7965 9274
936 1989 3063 4293
1196 1732 2706 4811
1160 1653 2157 3904 4081 8020
1142 1938 5207
771
580 8075 9775
1411 2665 9248
721 3135 6314 7779 8435
1512 2075 3305 4598 7276
1042 3770
325 3093 3995 5876 9712
321 3151 3655
1018 6600
961 2285 9834
1496 1729
928 2939
1140 3765
753 2974
838 7615 7930
457 1932 2066 2088
356 2177 2330
1634 1684
553 9025
578 2820 4756
406 7716
426 8681
54 8089
1051 4481
902 5142
1538 1858
937 9439 9809
406 3881 6857
251
183 1814 1840
1601 8619
627 6584 8141
851 2145 2242 4837
1190
56 2158
1350 2819 5074 8455 9771
1271 1687
1498
1216 2116 2509
138 1775 1809 2309 5666 6030
1628 3874 7593 7694
1172 1947 2073 2996 3426 4365
218 2315 5760 6926
495 2435 6613
849
20 4596
549 2679 7176
1340 8663
1653 2171 3198
1165 3488 4436
1039 1843 3131
1672 3424 3504 5398
1567 1833 4802 5273
1358 3562 3759
72
170
413 2272 3643 7474
1449
1356 2673 9644
76 1960 2353 5095 7017
301 3108 3186 3787 6762
946 1807 1928
341 3786
132 2117 2520 3017 3559 5308 9738
277
1054 3122 5636 7686 8862
702
1365 4208 8414 8686
625
1464 2610 2748 3789 7166 7494
504 9044
1334 3470
403 3315 9541
532 8859
564 2067 3050
1618 1784 1874
757 3308 9844
1440
384 3058 3850 3984
213 3291 9788
744 2895 3451 3803
702 3280 6747 8258 8490 9576
842 2093
416
982 4328
604 6204
1045 5453 6129
1301 1946
1107 2205
1152 2374 2925 4067
1594
651 1771
627 1896 7320
1646 3105 5435 7762
1428
1154 2140 5108 8534
1633 1883 6467
1557 2423 3219 4955 5924 8093
1207
1334 6445
412 4480 7385 9865
1561 1964 2957 3155 4374 4780 7359
810 1851
460 3882
1072 5238 6010 6324
1180
665 2114 2394
65 2079
262 3508
644 7227
1074
1123 5809
1253 3622 8495
935 2174 2411 3313
1425 2235 8000
632 6323
465 9121
686
768 4382 7090 9511
1510 1810 4027
1249 3534 4687
1120 4303 5261 6400
729 3358 3576 8650
723 5518
1372 3444
49 4670 6119
686 6021
713 2544 8373
883 4352
1466 4689 5501 7000
1017 2395
500
1250 2384 2704 5125 7782
1205 1863 4988
1172 3285 8994
1727 2648 5752
1446 3024
1238 5151
450
1675 1920 5714 7238
1582 3276 7413
1035 4055
997 3042 5687 5698 6488 9527
269 3022 5472
510 2102 4750 5588 9055
636 2711 2765
594 2597 2690 7517 8753
1426 3616 8333
1711
984 4334 4924 6610
1266 2299 5354
962
51 4744
693 8982
490 2548 2605
676
1357 2702
159 2776
736 1815 2484 6151 6733
548 2308 3493 5954 9268
725
482 6764
1463 6660 9759
1335 2053 2156 2789 2865 6629
375 7086 7135
877 2365 5445
1495
287 1942 1965 5118
844 9616
572 3818 4220 5465
502 2265 7636
1697 4516 5509
1190 2185 3734 4992
1675
1755
63 3823 7712
1626 5499
1359 5003 7243 7261 9208
1665 3433 4078
1794 5063
641 2441
255
1287 1828 4488 4838
982 2313 2430 6273
900
733 2028 5967
342 1868 4063 7042
98 1841 8063
1315
1377 1839 2237
1039 2432 2503 4747 8359
1451 6271 8311
1818 2314 8865
805
1407 4397
1272 4714 9624
1548 4676
1688 1842 3289
1452 3600
1381 5673
83 2864 4422 9584
348 3518 7507
6 3020 4832 6216
1825 7619
1665 2639 3890
1823 6655 8616 9725
1833 6800 6883
1686 1861 9589
461
1317 2215 9643
328 4692 9925
868
1071 1850
600 2130 5628
1848 2495 2879 3892
1738 2470 4504 7050
1020 2389 5082 7077
908
1287 2106 2662
551 2650 4296 7193 7466
1132 7548
1128 3544 5787 8197
1661 2671 3161
271 2397
883 4460
1843
888 4076
1769 2481 3028 3193 5670
67 2504
514 2963 2973 4957
65 4730
1034 3213
1822
135 5623
868 5867 7672
1174 3673 4429 5195 7196 7677 9151
1139 2954 4426
696 6864
1711 2782
1313
1043
46 3909 5306
1279
1251 2195 2551 2872
1026 3977 6190
1105 9294 9307
1097 1956 4548 5423 5763 7733
1732 4268
325 6546
732
359 2889 3137 6727
1462 4965
434 3384 6607
1193
29 4764
287
1090 2478 2718 3456 5039 9899
127 1994
1357 2583 3084
774
1728 3340 6874 7098
1255 6000 8986
905 8472
247 4672 6424
1617 2125
1167 2137 6366 8977
319 1917
795
1261 2055 2429 2571
915 4070
1337 5482
578
973 3422
1062 3691 5860
577 3318 7667
898 4978
503
419 3816
638 1929 9424
666
414 3964 5024
1902 2471 4503 6122
48 5847 9580
554
1775
1358 5854
1003 2357 3522 6264 6490
337 2500 5726 6357
1482 3760 4281
886
525 4954 9031 9191
962 2512 2871 6875
1697 2641 3060 3244
1914 4890 7737
299 2373 7842
1479 4615 6802
1651 2891 6626 9380
1223 2737
1387
450 2663 5380 7203
809 9851
228 3924 5349
1635 2962 8412
1616 3632
464 4495 6484
112 2964 3907 4300 5641 6586
1803 3689 5089 7226 7645 9787
1617 6240
549 4112 7285
1066 8285
1723 2029 2132 7607 9962 9994
1677 5580 5735
1067 1972 3682
1286 6202
87 7606
1084
1396 5035
852 3496 5880 6063
976 2201
1560 2882
1882 4873 5020
333 9409
742 2753
255 6822
1695
881
820 2082 3040
668
1737 2249 2892 4920 5015 6645 8914
1803 2693 2722 4030 4420
996 2334
1377 4188 6609
541
378 4077 5137
509 4196
723 2172 2351 5005 5109
1948 2906 4624
819
738 2287 3175 5045
1313 8626
262 6291
1093 4999 6991 7409
472 2196 4062 4398 4983
938 2121 2367 5240 9169
883 3586 4986 5160
1338 4327 6060
1136 3124 4116 8644 9610
469 2457 8434 8718
507 2092 2733
750 2565 3364
1328 6682
743 5807 6238
1583
1632 2649
905
1082 6787
673 5441 6465 7889
149 3284 6127 9182
1893 7588 9489
1412 2228 7088
605
1507 4828
239 2160 3270
743
506 2543 8763
1487 5493 7114
1259
41
156 2984 3891 9694
190 2207 4825
401 9999
585
251 3140 4688
71 4746
1046 6120
926 3248
914 3121 3194 8174
749 2640 9375
1377
343 4569
1141 3094 4340 5980
1203 3588
937 2966 3059 4982
268 7603
200
6 2546 2743 3380 3737 4975
447 5530 9701
1591 4361 8402
190 4254 8242
999 2531 2934
776 2381
1523 3853
1821
1946 2169 2557 3934 9560
1558 2261 2291 3762
257 7715
540 2378 3767
1578 7501
479 2694 4285
125 6957
701 2833 3230
533 2190 3719
698 2968 3845 4086 7461
123
356 4418 4778 7399 7748
1309 2240 2263 6573 6667 9460
841 4571
1585 4497
1036 5827
537 2051 2236 2406
684 2083
735 8243 9942
1453 3259 3413 7060
835 4049
157 3483 3855
2045
1591
1799
1033 2599 3427
1904 6310 6405
1152
1487 2600
47 2166 3055
273 4016
1302 4534
468 3837
1140 2970 4218 4514
128 2278 2716 5725
1355 6793 8299
876 2909
1651
1710 6070 8855
720 6735 9289
1201
961 2698 5952
606 2839 4425 7187 9352
1056 9819
1677 3216 9931
467 3326 8167
1640 2853 7556
938
1190 2482 9035
1269
1743 2099 4068 4647 5444
1015
295 7862 9826
1962 3966 6438
2046 3162 6166
1028 4474
1113 4128 7780
1109 9108
1452 2122 2664 6920 8087
1651
486 2120 2936
538
246 4232
1984 2598
1718 3814
883 2783 5071 7337
1075 2231 2337 4054 5587 6219
594 4131
1240 2222
1612 6968
2079 5138 6511
1056 6472
42
1780 2253
203
904 3526 6419 6594
670 2419 4907 9984
1854 2943 3498
1511 2602 6849
1019
130 3146 9377
559 3233 3324
1342 8833
657 2391 3349 6924
784 4367 5762
1742
1556 3649 6532
1674 6621
1699
729 9523
1529 9619
2089 4133 5227
1979
2087
1187 2688 4311
1480 2239 3030 3157
1900 3528 6892 7685
143 3088
331 2511 2818 3530
78 3412 3820
1371 4331
1849 2601 5701
1618
1946 3049 3506 3733 4143 7689 7840
498
538 2784 3348 4121 4126
180 2501 6480 8958
600 2529
1901 6585
254 2592 6289
548
1731
433 5634 6799
785 3184
1538 3421
1277 2951 5353 9829
1668 7036 7861
48 4350 7201
329 2180
1379 2553 6572
698 4625 4889 8403
733 8166
341 4722
220 7128 8440
367 7544
1468 6846 7327
774
1799 2372 2448 3310 3312 7094
1634 3114 4493
1670 3400
1589 2505 3757 8415
1998 4909 6672
1477 6593 6769
1336 2385 2388 5815 7065
1528 2609 8620
903 2233 5865 8659 9323
1376 2189 3420 6183
2058 2476 5866
1576
972 3335 5352 7874
2029 2352 5010
1005 2919
1684
1971 2923 3092 6703
957 3346 5404 7270 7330
1749
118
926
1652
109 2575 5041 8811
503 2539 6430 9050
2147 8981
41 5259
293 2226 3606 3848 5597 8038 8263
296 3210 7361
1072
1808 5391
892 7264
1471
603
2165 4371
2037 2368 8655 8971
1447 2427 4288
579 2695
563
95 9261
1879 5706 9730
1978 9621
162
917 4177 4547
33 3979 6906
178 2617 3327 4536 4833 7608
1954
1022
396
1279 8600
1724 8503
627 9359
2005
1172
963 3086 5336
740 2894 3582 4123
429
381 3112 3163 4199 4249 9473
1027 7824
1563
1845 2268 4108
807 3139 4709
488 4301 5037
369 3229 4440
1122 2724 2738
594 3242 5239
1496 3888 7611
2097 2250 2779 4250 8611
106 3591
275 5077 6408
773 3815
2182 3236 4413 5194
1065 3272 3545
1995 3209 5743
652 2787
918 3676 4675 6380
2095
971 5126 5190
2164
826 2550 3177 3943
1750 6590
2045 2348 2828 7398
1825
880 3939 5723 7679
2124 2683 3614
2041 3712
977 3442 4810 5401
1668
724 2814 7642
870 2566 7377 8097
1567 4458 7549 8186
327 5112 5816
215 6798
107
1964 3623
2222 2298 2658
1289 2821 2854
1611 2931 3521
2102 4329
924
706
1538 2715
1110 5561
64 2887 7623
817 6642
1381 3443 6220
2030
447 4690
2041 3972 4507
124 6574 7324 7831
1806
51 2400 2443 3797 4248 8232
96 4586 9472
2215 3832
638
1418 2558 7052 9127
161
1692 2465 4815 7172
942
1389 7476 7987
288 3721 5141
122 2825 7376 8270
249 7221 8660
2063 4665 4699 5382
1241 2508 3138 3525 9395
1329 2689 3116 8181
1358 2296 2651 2812 8320
517 5411
278
1104
1645
1401 2559 4434 8608
1974 3575 6487
263 3332 4152 5394 7758
992 3178
1093
2030 8098
699 3231 7351
688 3045 5775 7152
834
849 3455
2281 3531 8597
535
2250 3164 8456
1786
1503 5492
956 4369
1284 2560 4276
1557 8183
310
1259 6870
1154 2412 2535 9136
77 2672 3878
1795 2513 2908 6233
1675 5338 5341 9922
205 2338 7307
761 3593
879 4836 5235 5786
1819 4529 5250 6970
1828 5019 6789
1678 4330
1154 5709
1060 5130 5944 9032
180 2967 5654
697 2801 4938 7408
1438
1171 3809
783 8417
1427 4406
200 6702 8735
271 2483 6041 6829
74 3235
580
1546 5079 9831
142 8443
1652 4763
335 4520 4876
1463 8860
706 3342
1966
1056 4082 5051
125 3507 4850 6349
2095 4107 7328 8674
2310 3651
434 4973
159
807 3549
1212 4523 8245
72
384 4333 4387
1427 4138
78 2800 3915 5814 9217
714 6500
2236 2921
994 7092
412 2382
1971 5657
2169 3821 4773
1695 4989
1097 3656
831 3204
1431 3638
1922 3612 5167 9839
454 3551
980 4492
1126
1412
1414 5462 5668 9061 9554
1160 3441 5467
926 3251
1801 7573
986
1979 3154 5327 6370
2190 7083 8794
163 4247 5559
965 5554
420 3947 8052 8224 9064
2156 2937
1930
1725 5572
1310 2806
590 2506 2510 2850 9444
184 2532 2538
2032 9690
1448 3141
1282 2669 3440
2026
2350 8505
103 9868
1768
2162 5014 5602
1140
1490 3648 7789
2162
1852 2527 3355
981
2112 6337 7175 9005
95 6956
1467 5837
1742 4996
1766 3214 5975
759
1859 2416 6686
1435 3709 3738 4457 5731 8191
1398 3379 4475
2266 3334
289 6688 7305
1096 2918 6009 6209
1129
841 9482
595
2045
1431 2409 4801 4823 5065 5193 5350 9681
788
2407 2912 4274
1384 2446 9144
1749 4355 9197
2306 3793
390 2746 3933
1106 2428 7125
992 5995
2397 2542 3101 5598
508 3473 6771
851 6270
2105 3596 4178 4267 4979 6986
844 9794
633 7105
514
1733 4360 6359
1151 3706
1336
793 4926
2191 6229
2414
1904 7540 9776
1819 7787
1083
1826 4017
772 6993
1283
1679 3247 4649 5139 5316
650 5061
761 3180 8880
407
1061 2624 8446
457 3096 5560
1816 5432 7695
581
2266 7691
999 2747 3963
279 3014 4528 5457
2410
833
2156 9754
666
796
1370 8847
7 3717 9502
1121 6969 7348
624 3102 6280
1385 2591 9178
722 5315
1983 3556 8896
682
1141 2492 3610 3959 9874
444 2946 8234 9663
951 4948
937 7010
1064 5523
1108 3359
2272
690
447 4623 5224
446 4411
1552
1851
1917
990 3021
764 3179 7013 8606
621 2554
672 9244
2166 3167 3354 6008 6199 9279
692 3283 3669 7039
1892
1320 8309
578 7777
1863 6402
2077 4765 7916
2325 3448 6992 7729
1794 5449
126
1508 4748 7215
107
1580
678
1337
894
2459
82
968 3011
1850
351 9162
665 3435 6024 7846
91 4993 8993
150 3838
1923 4813
2135
584 3901
1826 4789
1864 5339
2159
2376 2670 6099 6821
348 3686 4916 7514 8974 9847
2279 4416
1674 3299 9565
2376
2127 2881 4485
1927 2547 5371
2308
678 6434
764 8613
924 6554 9827
169 3080 4060
44
967 4089 5034
1699 4499 4839 4914
1006 8895
960
887 3298
1544
1076
688
2389 5033 7472
1456 6856 7323
2136 7654
1517 3003
2025 3903 9810
2377
50 8963
1389 2830
2306
663 4739 8401
168 5427
2377 6387 8670
2179 6358
259 4538 8145 8912
1303
2416
2000
1763 3492 4728
356 5943
2021
2512 3025
1790 5672
597 7828
2234 2588
1879 3023 3467
105 3879
2148 4151 6847 8817
2474 2813 3475
1400 2849 5016 5196 5938 6637
979 4898 7436
2029 2856 5658
2270 2612 3043
2286 4554 4877 6448 8806
2302
613
554 4574
317 2771
1376
1985 3480
2244 3004 5540 5818 7378
1104 4181 7821
490 5907 7145 8800
1601
889 5826 7355 8759
1904
158 3201 5639 6401
1231 4762
413 3581 4023 9756
2178 3611 3988 4161 7917
428
477 3731 7839
1194 4906
878 8199
366 2741 7273
644 2657 9180
1399 6253
1894
1300 4313
271 4319
678 3125
1317
2550 2940
315 2645 3519 3663
1298 4998
2455 3429
2138 6267 7659
321 3345 4990 6138
1180 3629 3668
446 9246
101
1782 7487
2092 5607 7542
2054 3987 5285
2057 9520
2130
2107 3905 9878
1164 4446
421 3062
1790 2930 2971 3447 4005 4620 5437 7939
566 4723
139
633
2163 4891 6676
1705 5505
1605 3136
2558 2874 4290
553 4758 9966
558 3536 5155
793
330 7012
2200 3166 3386
270 7168
961
437 5656
1243
1196 3684
679 4861
2439 5783 8332
1318 3382 3399
864 3223 7735
1395 5516 6627
1533 5114
586 7899
1035
1553
225 5413
220
101 4376 4619 4729 6227 6475
1352
880 9883
823 6268
462 5223 8112
1840
2013 3148 3918 5862
1928 2646
940
14 3996
1309 4370 4379 5936
2589 2742 2959 3990 8976
2641 5708
1013
1771
1989 6389
1855
2281 3527
815 4292
1542 8801
1470 8180
1060 4772
1118 2686 5260
2581
2250 4489 8295 8594
584 5960 8875
658
721 4026 4640 6416
1854
1935
2087 7849 8897
1638 3954
529 8712
785 7763 8365
1390
2380 4197
2506
1858
2307
1694 2941 4515
1554 3499
1363
680 5905
504 8802
1214 3778 8121 9468
1682 4790 9420
117
642
1131 3095 4074
2239 4384 4527 5974 7949
1555 4721
197 5765
2656
127 6391 7395
2123 6241
2280
1782 4359 7444
205 2727 3458 9213
475 3168 4299
1965 3445
2034
2192
841 7662
34 2764 8553
2070 6842 8185
735 3061 5619 6534
243 4031
355
1792 4004
1305 2981
1768 3976 4345
1481 5406
1633 3067
1440 3417 5861
671 2956 3956 8488
1587 2761
845 4308
1781 3411
64 3650 5131 7516 7730
1176 9753
1228 5553
2256 4879 5257
2063 7943
1105 3159 3798 5376
1892 2885 5608
1353 3330 4287
878 2796 5026 5425
39 3566
1965
4 4110
2219
785 6608
278 5150
2691
1470 5627 7754
887
182
199 4169
50
1984
877
1218
218 4738
1933 4805 4960
2219 5245 5475
1291 2808 8541 9199
1331 3047
2580 3012 3027 3944
2645
2021 4154 6668 8406
214 4306
1104 5994
2413 5543
2444 9864
1705 3505
1349 2762 3764
204 2977
925 3266
815 3275 9133
1958 3250 7213
497 4216 6237
576
1596 3958
1362
1380 3941 6536
1421
266
2709 2955 4661
2749 3325 9727
1504 4206 4442
2697
1781 8637
422 5579
1536
238 3472
155 8358
1378
2563 6853
1312
680 9687
564 5490 5839 5991 7250 8008
905 2791 4043
1793 2898 5625 9628
213 6510
423 2851 8580
2222 2873 6118
835
260 7419 7911
1874 8987
2094 3633 4125
2134
344 4530
1167 5157
2229 4101 5241
833 7154 8342
1799
385
2775
663 6377
1567 6972
229 7089
659 5884 7120
2720 3054
43 5468
1090 3511 7006
360 3347
2346 5302 8255
2319 9421
329 3779 3894 3968
1467 7415
703 6043 7313
456 3919 4448
2375 6617 8468
939 3262 6339
2739 3957 8689
899 3991 6261
1333
1225 4200
2281
2554 3661
2243 4269
22
1340 9419
833
2127 4021
1671 2836 2989 4771 6570 9296
1655
2251 3026 3497
500 3363 7034
1069 3085 8907 9222
920 4278
2276 4253 8762
736
1201 5272
2236 4227
440
2534 3253 4466
1548 3482
130 3107
2036 4193 7670
463 4807 5217 7375
1168 5331 7988
2819 5347 6852 7163
1103 4109
267 3459 3642 8789
2071
1107 5850 6498
760 3307
291
151
602 4088 4170 5383
1174
28 2876 4581 5569
784 8091 8596
1513 7315
2555 3537 3608
2376 3769
2778 3074 6943
675 6254 6887
2075
2251 5691
917
2557
57 5002
1190
1611 3407
986 9003
329 3942 4037
250 3182
1314 3339
1836 9941
1799 4573
806
1292 3725 8289
1439 4002
544 4428
111 4140
1927
1879 3392 6588
2779 3110 5286 6461 6963
2612 3254
261
2846 3830 4217
1218
1584
1850 5178 6085 7726 8073 8836
924 3128 3833
2511 5488 9673
1955 6699
1574
212 5073
2718 7314
440 4337 4899
2258
692 3365 3560 4643 5332 9361
1886 3158
464 5494 8150 9558
1932 2916 4519 9856
1964 3635 4228 6582
861
2210
1716 8143
1340 6553
894 3390 5556 5965 6170
2776
135
116 8992
853
1306 9975
726 3621 4604
158 6508
1344
1972
627 8194
2308 3394 9916
2065
1520 4392 8305
424 5976
2409
1274
566 4238
1527 3197
2891 3337
983 4353 8924
2402 6781
2170 5281 5885 7872
1362 5537
2348
603 6579
2172 4380
424 2942 9030
1725
1100 3366 6433 7294
180
94
1075 9837
2605 5280
2252 5233
1592
774
2025 8583
1513 3077 7051
2089
2372
852 6334
1647
2588
2673 3328 3922 6569
2924 6649 9386
2106 6259 9498
686
870 3106
2460
796 3234 3373 4937 6143
290
1366
660
2144
1525 3269 4092 7275
843 3176
1872 4668 5901 8179
2761 4432 8825
2708 3484 3548 6330
1737 4880 5214 6421
274 4038 7055
2645 8559
870
1215 4905
1938 4291 6990
1865 3076 4139
1941
746 3868 4174 4770 6117
2018 3703 6221
2318 2986 4963
2038 4867 6773 9858
1080
2062
2605 3605
1439 3841 6162
1865 5218
1649
86 4533 6731 7368 7775
1237 6746 7834
2750 3143 3389 4453 5420
1275 9330
463 7946 8930
998
2703 5533 8111
859 6959 8746
46
2004
1052 3857 8208 8810
2967 6137
374 4589
1424 4435 5970
2819
973
732 4618
125
675 5100 9517
1376 6159 7801
1394 6489 6618 7433
1677 5849 8284
891 4655
1010
1582
1627
1444 3727 6839
104 8867
2530 7068
2566 4459 6901
1422 3804
1594 4903
1528 6726
443
577 6780 8793
1277
2494 7339 7381 7567 8349
2741 5076
1261 3406 4473
2445
720 5313
1412 3634 6318
1699
886 3237 5092 5705 7605
1608 3687 5377
1838 9165
2472 9346
1779 5833 7468
2551 3992 8129
1772 8306
2547 4824 8965
2821
2741
1863
303 7580
2124 5202 8936
173 3418
254
96
692 3533
1206
669 4827 6809
1083 8482
594
9 3981
1962 3730
1225
1778
2558 3693
1468 6376 8798
2293
462 3662 5162
2740 3873 3952 5161
890 3109
2132 4682
1710 3670 4621 9400
1570 6266 8364
604
764 5390
2796 6932 7575 8997
2058
1341 3926 4886
1091 5256 6869
1714
2018 4127 6375 8244
1928 3357 3580
2699 4950 6428
2604
1632 6499
926
604 3079 7028
1569
2706 9821
745
518 4255
590 5642
1345
1576 5403 8216 8225
292 3657
2851
829 4962
2963
2935
127 4700
3065 5720
2517
725
1153 8436
14
1894
2823 3747 5766
2209 3541 5099
24 5997
2126 7298
540 3351 5049 7684 7709 9828
108 4219 4404 5168
835 7049
2172
1642 6180 9054
2016 8515
2682 8765
2440 5759
145 5781
1429 5325 6937
282
1204
2416 3172 7520
2454 4346
689
853 3288 3474 4213 5188
1729 4011 4231 7181
2945
2832
1696 9748
3048 9350
2873
611 6231
2212
1206 3487
2157
248
2280 3260
1434 4654 4783 9464
1253
23
481 4809 5470 6910 9202
2012 4674 6208
1701
1464
1982 3220
2586 3460
413 4147 7491
17 5399
2880 5711 6700
859
1494 7766
1686
293 6790 7022
1031 4743 6350 7208
698 3224 3653
1639 5029 5953 9345
2611 9365
1886 6715
2279 7171
2216 5173
2008 4956 5088 6302 8387 9036
2379 3207 3395 9501
10
2977 5220 7796 8310
603 7808 8314
910
2109
1118 3300
2640 7209
239
1044 5912
1643 8250
460 3550 4014
196
2367 4471
1737 3453 4555
671
2124 4325 4629 8651
2889
2717
1451 5982
1858 3554
2083 3183 3297 9798
2212 6278 6723
2298
1052
2617 3352 6256
2476 9582
2692
773
374 4204 4259 5832 8557
831 7492
3101
991
1404 6751
1974
2953 4090
2234
2289
2473 6867
2437 3856
1110 5311 5421 6441 8279 9302
2862
3162
2142 5407
987 3625 8964
1696
794 7900
193 9109
1381 3587 9841
710
393 6716
168 5201
1863 3516 3723 4111 5248
2012
231 4934
1519 5305
2915
1684 3695 5737
115
595 4684 7904 8409
2572 4256 7111 8727 8777
934
205 3912
2355 7761
1613 3822
1496
3141 3967
1602 6344 7467
2228 4260 9691
2183 7263
807
774 5771
1867 6636
2395 7178 8304
324 6493 8294
2073 5154 9904
1217 6305 7393
565 9219
1733
3124 3860 4678 5110 6304
1423
289 3468 4358
2626 3331
3134 9918
1479 6908
1175 3645 5231
1098
88 5270
2218
2036
2292 5512 9894
885 3462 4812 7816 8486
2110 9476
2947 4297
2326
2226 3333 4156 9275 9633
3018
1499
1394
58 4734
130 7400 7964 8221 9198
2220
422 7755
1928 3317 5025
1582 3432
238 7863
2435 4242 4587 5686 7451
2011 3350 5606
666 9768
2753 7865
2364 6003 8209
1433 5511
2830 5318
2874 3828
1135 3613
342 6325
626 3720 5958
865 4936 7469
2048
3116 6481
204 6598
2807 4451 4915 7646
278 4800 6182 6792 8437
1304
579
2751
791 4669
476
2952
1998
322 3701 3748 4272
2227
1486 4752
66 3361 3639 5307 5610
2752 7568
1776 4439 6863
1043 3477 5396
741 4885
51 5681 8113
1717 4454 4841
1529 5692
1157
2477
1993 4189
1770
903 4383 6878 9613
1128 3517
3104 4940
1833 3637
1335 3677 5913
1715
228 7757
1212 4761 8520
1094
166 7594 7945
1029 6803
3162 9256
2523 3398 7420
2509 4132 4239
3147 5345
1435 4868 7616
300
973 3842 9243
1285 5299
1640 6876
866 3861
2841
1712
1447
2156 9234
326
2156 3454 3671
1749
707 8265
1708 6850 9900
1026 4869 8252
3244
1910 3880
748
723 4969
1337 9636
896
559
2110 4582
2762 6061
2074 6068
2200 4344
2941 3387 9970
109 5596
2719
3223 3997
2288 4316
3236 5529
2400
2168 4097
306 9556
2916 7896
1416
2863 3362 6078
1896 4032
1581
2333 4080 4168 8631 8783
1067
1082
2593
2173 4309 8728
2799 6103
2134
2112
3248
3089
3166
378 3564 5433
2476 5431
2389 5792 9944
1307 3680 6759 7680 9308
3060 7793
1758 8872
2464 3906 6634
144 4683
3274
3339 6007 7719
2822 4012 5575 6907
1985 5933 7892
2888
2926 6786
661 7095 8177 9190
1010 7439
94
301
1030 6899
301
2947 9764
120 5038 7133
608
834
1028
456 4028
2399 3932 9344
2021 7653 7934
432 5629 6675 6755
2625 5583
1229 6953
1888 6175
864 3801 7194
2617
3328 3744 7138
949
2977 3660 7116
2897 5115 6563
1590
2872 4724 7948
1032 3863
2908
3141 6544
206 3415 5892 8018
1145 3750 6696 8272 9223
3298
2625 5977 6418 7459
2158 7354
644
372 5929 7883
178 4656
1626 7067
667 5321
3013 4024 8642
2859
1128 3425 5495
898
518 6753
2711 4048
2128 8639
2048
162 4047
3396 5993
1038 5358
2707 8693
3031 5890 6987 7434 8363
258 8918
2165 3973 6263
2143 5113
1908 4072
74 3479
1687 4019 5574
3408 7923
1677 8805
2054 9093
917
2591 3464 4378 6224 9264
1348 4312
1214 3647 4164
3245 6297
1814 4339 4438 5266
38
2497 8366
1285 4830
874 4041 6589
209 4261
1008 3452 7233
2380 4506
2363 5899
2241 7421
2260 4357 4659
1760 5671 5940 9034
2693
152 7895 9129
2605
2483
44 4400
427 6013
1716 5408
3439
3155 4236
3312 4266
2295 8351 9786
1892 4354
1280 3485 3911
2691 5370 6886 7569
2838 4696 9407
3125 7928 8931
51 5565 6062
3232 4551 6035 7311 7503
483 6016
3429
1123 4244 4881 5117 9139
777 3800
2551 6176 8521
3222
1238 9292
1707 9343
1266 6040
2768 3810 4921
2417 3862 6560
3104 6116
2554 8211 9533
1414 7485
3277
1341 3752 3950
3423 6198
2565
993
2831 5932
2050
2956 4896
3457 6724
729 3685 3835 5778
3113
1685 3729 4100
1077 3502 6730
656 3864 4114 4660
399 6903
2544
1795
6
1257
1953 3739 4919
2821 5981
2106 3935
2674 4617 5463 7770 9184
1213 4645 6087 9163
818 4575 5314
3489
970 6018
1687
2748 4153 4513
2132
2336 3908 8219
1744
1374 3923 7767
1138 6562
2798 6501
934
75
288 3858 6207
1421 9185
3193 4257 4626 5416 8558 8874
3287 4958
1837
2589 6210
106 5004
2252
1922
1291 4706 5881 9820
1472
2279 4599
2104 5502
2651 4782 5357 9682
2125
1065 9789
2127
2296
729
3034 6854
1756
1583 5524 6431
2614 6345
2849 8407
225 7292
731 7212
1402 3784 5874
3086
1070 5043 8369
132 6794
1857
2227 3755
1359 3696
1300 3761 3773 6364
2956 5638
2341 6692
3152
2358 3710
1542 5870 6177
91 6833
3161
1493
2457 3986 5843
191 3620 3902 5696 6541 9447
1522 7403
1699 3631
2888 7788
1473 3824 7931 8292
1689 4084 6274
553 7897
3353 7778
1588 4611 6810
2721 4741 6399 6564
363
1302 5400 5774
378
1368
135 8033
1319
675 5823 8318
961
2287
1758 9659 9949
1163
1514 3683 3825 4505
784
3060 6440
2574 3989 8049
2210 7852
425
412 4501
456
1980 7465
3189 6768
2017 6017
66
154 6230 7080 7687
2223 6167 8561
1191
2311
887 5096
714
2419 4856 9423 9796
25 5171
1417
1436
1834
1090 4553 5955 7373 7558 7643
17
265
1414
2971
2182 4173 6348 6941
479 3813 7300
2849 4593
664 5050 5072 6285
2459 5355 8587 9370
2575 9838
2357 3681 5046
3255 7873
2239
1166
1783 4079 6185 8227
731 3626
869 5379 8525 9639
924 3735 6704 7600 8015
3557 5262
2903 6277 8478
1748 7404 9882
2249 6296
18 4044 8916
3185 4542 5317 6518
3617 8189
923 5552
101 8425
2594 4180
413 5434
3559
1939
2783
3016 7478
2892 9363
1351 5328
3289
2356
3274 7102
14 5283 8266
1258 7914
2838 4667 6251
1692 4224 6081 7318
1040 4945 5667
3226 3916
593 7242
3431 4859 9327
2387
2115 8749
2712
2338 4159 9263
53 7084 9653
3134 3805 7584 8249 9898
227
1643 3819 5845 8204 9028
2354 5054
3073
1101 5633 6426
1010 8523
3389 5053 5098 6195
2813
3046 3886
2589 5557 5801
757 3774
1236
1323 4424
1243 4115 6457
2594 4241 9675
2477
3050 6171
3312
942 7688
1871 4305
1407 3746 5538
974 4195 5211
2230 7833
3290 3775
14 8134 8469 9948
1022
3356
3612
1948 5275 8184
3578
2622
3486 8427
2507 4913
3019 3960
349
1942 5830
712 3970 8787
1909 9303
885 5209
3043 4657
507
3198
3546 4447
1429
1218 7097
1395 6412 6766 8396
563
3271
134 4234 6293
2966 9131
308 8528
1110 6248
2424
1235 5124 8956
664 7925
2398 9047 9661
3551 7613
1362 4491
2240 9376 9863
895 3749
849 6524
1554 4774
863
2452
493
2037 4237
3257
2275 4755
805 3724 4403 5186 6635
3193 5878
3722 7424
2867 6902 9312
70 3781 7910
3001 6169
956 5664 7851
3488
3040 7406 8203 8319
2577 9254
1387 4627 8512
2132 4183
1808 3834
3619 5496
136
2021 4882
2398 5028 5879 8123
3496
51
706
1087 4207 4961
1241 5300
3387 9946
685
3674 4691 6309
3085 7091
3271
3713 3936
3397 4518
877 5424 8047
3478 8567
1537 4591
482
3545
587
2159
14 4472 7759
1689 6615
1924 6774 8067 8147 8273
3547 4010 4733 7299 9258
2030
1476 4671 5405
2749 8116
1648
430 4610
2032 4187 4570
735 5343
2850 4194
1641 5402
628
603
3547
3664 4831
3677 9519
1529
471
2678 4842
2802 3872 5107
424 7525
3726 4122 4933 8003
453
859 3940 7901
3540 3971
1218 5508
1698
1696 8524
516 4888 5746 6871
1705
352
1092 5102 8863
991 5700 9971
2412 7886 9019
66
795 7585
259
2266
2717 6242
1421
3466 6281
3385 4294 4792 5067
1345
1716
3005
3653
1139 4616 5276
1160 4510
1343 8460
2321 4372 4467 5800
3472 7856
747
1381 6104 6691
3607 7499
2093 8537
2225 6543 6782
1913 5799
296
1805 6125
3655
2128 5828
2352
3205
1811
3561 9041
3578
1069
5
3254
1425 6538 9737
2876 6067
131
2268 4987
2880 5897 6215
3734 6105 8290
3486 6684
930 5342
2061 7085
2499 5294
838 6294 8607
267 7437
2972
3303 4332
1199 4215
679 5008
2038
401
1081
2182
30 7033
1714
1610 6936 9800
856 8756
2027
302 8923
2050 8170
3180
2985
3514
310 8826
3220
3306 4129
3473 4198 7164
3393 9317
3490 4781
1174
1443 4146
214 4265
2965
100 7279 7529 8804
729
982
3779
3047
1676 5795
645 6443
672
1305 6126
2307
2552 9983
3318
1663 4069
1739
589 7258 9384
1117 6654
1251
3662
1026 8037
2221 7697
245 5848 6859 7249
1840
2004 4784
1850
919 4648 5103 5532
2802 6145
1136 4745
680 6234 6625 8149 8356
868 4351 7073 7915
1212
793 5483 5626
878 9497
2502 7410
3557
2531
1634
2602 5749
3359 6776
1941 8068
3507
1877
995 6206
3457 6250 8315 9456
3203
1164
690 7836
2346 7783
3645 7769
902
2640 4119 8866
2805 4922
610
974
2941 5825 8839
3509
1937
90 5614
3056 4142
1540 3951
1046 6561 7552
546 4407
398
804 7312
3379 4053 5877
2413
2029 7595 7952
3498 5803
3749
164 8473
52 4395 6203 6393
2238 9269
3783 4612
2758 5702
2861
2234
2741
1555 6471
1056
2371 4106 8159 8296
812 5174 6601 8476
1446 9059
3478
3927
3047 6976
238
2665
564 6597
2708 7026
2808 8539
2756
2459 5361 8432
3687 4415
748 5183
123
2444
1916
1184 4673
2082 8532
3207
2802 6034 9650
869 4302 4431
3690 4952
3784 4137
2263 7850
3420
1159 6322
725 5274 6552
2704 7675
1880 5176
1349
2199 5069
1199 6026
3039 4163 8026
528 7284
1446
1714
1175 6652
3556 9998
2599 7708
2575 8251 8570
3581
2645 9024
2809 9077
3023
818 7291 8022
781 5821 9934
1642 8330
2643 8856
3331 4368
1338 6877
187 5611 9088
580 5903
1076
2868
561 5452 7137
2702 4917
2605
1127 9087
628 6222 9265
702 5429
1419 5032
3761
3105
3363 6353 8470
213 6514 6814
3152
615
2059 8248 9065
2432 4065
1628 9200
3424 5263 9004
1462 7267
2818 4607 4939
875 7596 8621 9130
2574 6012 6379 9318
3406 5097
253 5663
2661 7586
1755
3378 4373 5123 5536
1598
1965 7620
2700
3340 5106 7198
1107
1449 4042
1553 5478
982 5732 6306 7200 8617
2861 5234 5647 6415
2958 4592 6284
784 6522 7702 9491
1101 7999 9166
3437
4034
2775
3624
725
558 4760
3414 4727 5808
3411
2049 6094
800 4637 9880
1621
169 5922
3932
2095 4966
1777
1020 7692
1360
1425 8048 8139
1013 4172 5586
2517
1420 8017
1978 4386 6583
1822 8599
491 4245 5902
4017 4766 6526
241
1725
2079
3881
1905 4568
1387
3422
925
2682
243
1862
1969 4396
1814
3616 4768 9141
3342 8418
1634
2335 8398
24 6961
3562 4834
1199
2038 7158 7345
930 5330
2844 5893
2519 6156
3176
269 5442
2952
1280 7162
1173 7293
1089
1518 9397 9646
3335 7059 9996
515
1574
3488 8182
2787 4711 6196 9228
884 4335 6066
832 4844
1543 5093
1128 4184 5438
3947 5419
2337
2215 4394
2837
2723
3193 6663
1944 7663
1509
3490 4500 5914 6186
3667 4819 6369 7380
1982 5713 6632 8178
153
26
3918 4701
1219
2134 6669
3781 6184
2210 4925 6884 7857
531
2783
2134
3059 5329
2085
3861 5615 9885
339 7231
2096
3299 9081
2120 8246
94
1229 5152 5917
720
3971 8978
2345
2963 7180
2870
1603 4552 7657
3926 7845
2132
1608 9545
719
3866
3126
1286
1523 4270 9335
563 6535
2553 4409
2288 7281
3505 8540
2743
607
3236
233
1251 4277
3651 4235 7113 8160
537 6916 7463
2575 4590
275 5181 5243
3981 6893
3431 5684
1091
1280 4320 7617 7651
988
3342
2731 4816 9513
2844 7972
129 6947
4059 5911
3606
2965 8590
1535 8175
1620 5621 6985
2198 4894 6872
2419
293 5806 5915
3629
2567 4565 5229
522
3733 5373 5487
4105 5916 8056
848 4421 9723
608
3767
1967 5856
3284
655 4526 9154 9240 9385
1555 4203
599 4584 5129 8625
2833
3769 8647
3675 4953
1970 6662
2669 4508 4995
3862
2212
2811
196 5715 7841
303 6033 7453 7994
4191 5058
3170 7182
876 5381
2763
3742
1703 6396
1337
206 5326
947 6058
887
3104 5378 7369
958 9238
3843
2754
2876
2062
3090
1805 6837 8392 8761
268
224 4787
1530
3643 7926 9578
1400 6838
1015 5060 5937 8346
2828
2892
1074
1300
3105 8475
2091 5288 8742
533 4904 5857 7035
3702 8640
4159
3453 5055
3719 7156
2914
3299
224 7037 8935
3668 6191 6948 9516
3247
144 6006 7690
3465
4064 5119
790 5036 9666
2369 5230 6661 7131
2266 7717 9103
2212
2222 7633
992 5971
1009 9145 9978
2825 8099
2024 9338
3069 5213 7888
3201
3516 5514
337 9877
3170
3209 5022
3438
199 5277
1305
51
3867
3454 7248
2419
1883
2814
4149 8236
1470
3271 4468
162
2409 8361 9069
665 7064 7652
2302
4158
2824 5780 6154 6873
389 9575
510
1924 8479
1354
679
589 9884
2034
1166 4686 8107
2719
2191
686
2612
2962
2652 6300 7804 8202
1632 6064 6717 7224
3801 4641 9356
51
1855
3234 8321
245 5677
2692
1941
2217 7308
3969 6690
1757 9709
1410 7411
3673 4496 5547
2744 6429
749 4564
2710
3346 5297
443
2123
3430
2584 5456
41 6406
223 5840 7907
3332 6044 7364 9075
1167
1480
2585
4166 6276
994 6801
1240
531 7728
520
3157 4498
1528
1981 5646 7008 8083 8420
1720 9259
2253
2315 5616
2129
3842 4848
2344 5388 6540 7890
1785
4102
872 6464
2886
968
3433
2016
135
784 6473
388 5609
3327 7960
2704 5761 7772
3102
896
1300 4767 6028
1304
2146 4707 9309
3897 4464 6298 9470
1764 5226 9940
2917
3456 4549 8280
2411 5719
586 7790
3443 7869
3222
2690 6059
2423
2023 4878 6673
1072 6917
127 5674
6 6452
1677 6897 7815
538 4639 5564 6373
2113 5908 6436
3997
2301 4874
2644 5769
2189 6677
3809 5145 6521
4028
1737 7382
1
2634 5945
1329 5961
3429
2644
2923
703
1754
3286 5811 7002 7329 8785
2683 6622
818 6372 6909 7579
4062 5546 9137
2344 6815
512 4614
1195 5522
436 7658 9091
5 5324
2910 9241
1077
4108 5824
3938
4077
1830
1978 5023
243 5678 7450
3449 9969
961
526
3722 7148
3090
396 9227
2323
3929
751 4719
4151
525 4681
2468 5748
195
2226
1556 5753 7921
3960
2508 4622 7029
103
2040
314 9995
1965 9557
4185
1836 4910 5395 7245
765
3666 4821
2071 6989
1872 4541 4900 6506
759
2869
1871 4561 8431
36 5612
3969 7547
2955 8069
1193 7448 7449
2286
2988
1685
426 6740 9811
3433
3276
2218 6150
265
2763
398
1111
1014
2603
3696
2805
1461
1517
3262
51 8146
2977
3280
472
1323 4633 6235
2398
2245
3004 6537
1860
996 4544
1343
977
4351 9332
940
2830 4884
3809 5153
4272 7535
1616 6173 6779
462
3154
3758
3013
2084
2399
778
1329
1601 5246
756 4663 4902 5904
1736
1659
605
1608 9272
978
2511 7635
1082
445
1818 7553
2658 6420
488 4742
3711
2359
2157 7046 7206
687
1940 5149 7237
4305 7902
2043
4325 4851
2520
4114 5083
3584
1505
1917 5205
1851 6889
3578 5820
3440 4814 7604 8574
2263 5605
4197
1345
3807
1171 5788
1020 5443
3505 8944
2062 4601 6394 8171
2673
1807 7969
880
3750 4613 8379
2891
2331 6496
1165 8032 9101
1401 4636 8264
2342
594
453 6403 9095
4190 4991 9062
2683 6341 9507
2445 4817
2313 4866
2785
1258 6056 9026
29
2975 9172
2060 7784 8462 9924
509 9762
2200 6287 9076
167
2540 6288 6895 9056
164 5863 6019 6468
325
4426 5172
3625 5969 6106
473 5585 6002 8893
4461
1556
78
2198
1882 5695 8058
4354 8632
1391 7559
3462
4141 9640
3601 8776
2559 9160 9686
3155
764
888
1025
721 4602
1405
4429
13
169
4307 7554
4181 6927
151
874 4818 5651
4070 9928
2015
3767 9581
2042
234 9729
2865 5185 7139 7303
2562 7115
3501
1354 5269
1154
660 6479
685
1438
2846
3324 4606
1588
4192 4725 5249 7150
123 9475
2267 5070
3247 6179
1183 6404
2987
4161 8760 9231
3753
4038 6880
3608
905
1209
1681 5296 6374
629
1640 9211 9888
3525
451
4514 7422
4559 6168 9188
1628
2903 5513 8257
1100
4582
4021 5414 6023
1597 8348
376 5764 7371
3766 6272
3565 4658
3940 6329 7906
4518 5802 9445
4388
1931 5204
3806 5872 6828 8100
3499 6648
2991
2634 6930
2605
3050 6708 9509
4416 8766
2467
1972
2149 7971
3516
3732 6111
1208
3157 5363
337 5535 6738
1605
239 7207 8757
4456 4776 5094 7609
1072 4705 8708
1100 5372 5551 6565 6599
4522 7537
4050
284
4366
2661
4294 6292
1239
2888 8489
890
3500
539
2079 4749 8816
3893
2435 5175 6226
1590 9097
26 7935 9927
1526 4726 7713
642
3117
2997 8374
3403 7005
3693
4611
3443 6050
3490
2761
523 7705
4479
1044
2278
1043 6836
3642 6084 7527 8066 9408
2954
3267 6269 8338
1761 9383
3763
1899
3965 5040 5644 5918
3121 9777
2230
1832
253
3220
802 5426 7811
686
4410 9142
3049
3360
3200
1142 7640 9450
4286 6194
1756
2008 5704
1765 6742 6807
2262 6824
3746 6049
1846 4829 8769
145 9832
927
1542
3459
1592
765
2278
3078 8065 8768
4119 8400
665
1475 5957
1422 5056
4634 7346 9284
3523
4350 5348
1125 5206
2216
1062
4101
971
1257
1831
876
829
1140 8140
552 6037
4408
388
2684
2151 6827
2606
3392
4584
4652
4047 8991
2544
2634
1866
837 6115 8261
409
3761
3240 5120
1619
1043 8877 8885
1408 8391
2736
2536
1049
3566 8438
4490 6004 8797
3133 7626
1788
3895
2009
1826 9901
2486 5895
4647 6351
1780
49 5430
3273
1312
1012 5964
3721
1655
499
2613
1245 5187
4046
3293
2573 6483
2330
1890 5972
2482 8627
4065
4348
4079 8355
895 9067
2965 5690
2819 6134 7143
2655
2352 4971 8214 8840 9432
3715
1094 6656
4633 8683
1565
2040
1042 6086
1737
3864
3527
3117 8927
3891 9494
999 7134 8585
934 8444
4222 5724
1235
2503 6866
2679
1336
3801
863 7141
318
603 6158
312 8573
1036 7025
897
1225
3263
2407
1688 9534
200 4843
1294
2737
342 5882 7963 9293
2834
1460 4994
3120
2241 5021 9173
1633 8550
3232
2500 4981 5517
4506 8950
2272
4169
4528
4567
4115
757 7912
4424 5459
50
2407
3025 6960 9903
2005
1564 8526
3036 7982
1997 5278 5851
4692 8615
3436 5081 6321
3774
1838 5754
2200 5210
4084 6595
270
2312
1668 7997
1818 6113
2520
235
3280 9212
3778 6065 7877
4803 7718
4103
1015
1543
747 7204 7541
4332 5589 9247
904 5458
2336 5521
4498 4980
354
211
419 8954
822
3596
1438 5448 5466
280
3647
1537 6834
2623
281 9326
49 5422
240 8210 9577
245 8463
4529
2968
3301
3316
1084
446 9299
694 7370 9774
1956
4369 8004
543
2331
2559
4361
2715 6463 6721
2957 6996
3465 6712 9273
3737
1280 5727
4466 6694
3278 6516
3056
1500
3788 5659
2149
1929
2609 5136
630 5829
590
4177 7673 8035
1562 8969
3484 5084
338
2556
2886
4426
708 5386 9818
4479
3006
4233
2961
2578
2105
293
2160
4422 6620 9551
384 6383 9755
31 6754 6797
3686
2520 5068
3262 4931
2507 6512 8770
4004
698 9655
3496 5624
1964
3472
3919 6446
144 9609
1785 6413
4123
2426
130 9114
448 9378
288
347 7894
4915 5582
600 6962
3781 6671
3195 5451
1114
3258 7665
2947 8662
2319 6112 9997
4021 8207 8871
3288 8698
368 7703
1073 8834
983
1472 9092
3644 5182 5464
1372 9354
108 5340 8278
2461
518
3061 8421
1310
3970 9740
4195 7440 7876 8001
1926 5375
1733
3140
1865
3517
1260 5059 8778
2737
3742 9803
3075 5562
2967 5595
989
1887 7199
4054 8548
1589 5963
136 7996
3320
59
4773 6713 9895
663 9977
2339
721
2021 7721
1440 8983
1358 5198
1911
2419
4851
4813
2018
1978 5384 7509
1003 5794
408 9104
1980
3832 5367 8190
1769
2353 8040 9201
2593 5001 6422
4526
1808 9209
2498 6356
4808
4197
2394
1081
2590 6507 7486
1977 8043
521
4990 6701
2857
1813 8372
3520 6252
1971
537
133
3844
1221 5359 9402
2169
1086 7130
645 6410 6454 7771
190
2385 7127 7272
1964
2555
1367
1210 5252
2314
1956
4810 6967 9483
4260
4398
1916
3244 5439
2720
960
3738 8360
3135
825 6478
1021
4009 7016
2527
2519 8903
1952
4246 5531
2217 8892
3374
1892 6950 9547
4673 9319
2178 8819
444
3542
678
1974 5527
3612 5409 6225
335 6745
1110
3089 8362
3609 6734
2335 7290
98 5387 6767
3660
3656 9872
4236
4704
593 5730
4203
4959
4226 8217
2436 6644
491 8228
1815 5289
21
2407
798 5105
3801 9611
4914
3979 5894 6633 7498
4586
2094
3609 6456 8656
2884
1671 5366 6709
472
3012
2224 9514
875 6107 8288
2328
763
4830
1852
4500 5356 5563 6189
4896 8641 9348
83
115 7534
660
3140
1942 7174
890 5374
98 6973 9825
3018
4104
4633 6982 8705
1695
3594
4024 5689
3660 9742
3086 6011
2993 5135 6559
511
3791 9605
3893
746
5066
4032
3779
1731
1971 8238 9910
3220
747 5484 6529 7483
2246
3421 7756
2628 7341
3390 5869 9926
343
3465
1803 5984
4245 5322
4734
1254
1039
4028 6283 7795
3707
1768
2232 9325 9484
765 6567 7664 7947 8692
1323
4192
2317 8078
2712 9891
493 6697 6868
1046
471
5100
4891 8758
1969
2099
2435
1177
2275 5858
1660 5661
516 5165 7140
724 5949
4372 7283
1367 9072
1604
285
4495
2726
1773
4135
4467 6477
3216 7612
2614
62
2786 5591 6077
1048 5460 8506
1385
1980
3047 7488 8377
3046 8680 9634
692
1439 9814
5143
333
2357
3090
607
320 5736 9471
3597
4541
3139
3948
4649
3977
1170
2879 9956
1476
1382 5710
4162
4945
3961
713
4573
3722
4759 6806 6912 7908
3104
655
2232
303 9336 9381
872 5212 7638
2407
2226
1871
2555 7236 9210
86 7818
4977
755 7109 9717
1040
3192 6338
3030
1277
4615
4503
4708
1635 8110
68 5481
3692 5757 9493
4833
3675 6556
5192 5471 5728
4255
2957
1445 6136
1177 6308
2834
2973
49 5592 5989
3143 8841
1113 6685
387 5389
2638
2467
586
4352
2120
907 5978
4181 5873
4247
3226
1332
2931 6193
4037
2312 9953
1328 8701
1295
1740 9746
2220 5333 8021
1979 6080 9772
2787
1074 6157 9671
4162 8767
1583
2738
4478
1439 5410
3193 6658
4584 7578 7591 8684
2313 7995 8671
1619 7021
5018 5810 8335 8709
847 7587
916
1104
3057
2715 7234
58
2181 5279
2656
1757
3620
4019 7087
638
868
3433
500 7082
1189
4576
3228 8821
577 7447 7975 8906
2827 6102 8518
1688 7473
3975
3682
3806
4262
4828
5259 9233
2930 8205
2919 6812 8260
317
3640 8102
352 5784 7027
2599 5590 6246
2873 6110
919
4232
5063
307 8441
406 5734
313 9563
260
3838 5604 6001 8137
171
4596
4309
928
3304 5577 6133 7978
3743
302
2800
976
1421 8719
3196
1877
3274
1699
1002
629 8070
3181
1271
3015 9369
3501 6474
2456 5584
2435 7169 7188
3625 9968
3253
714 6995
1277 6845
3405
5119
362
4391 5417 7106
3098
4210 5392
2367
3636 8223 8873
4127
4087 7041
2835
2888 8736
5239
1142
1024 7938 9649
2209
1409
2309
2504
4947 8702
2309
3836 6640 7062
3768
1021
3300
1613
2836 8011
4707 5510 6335
1937 5718
2407 5542
46 6946 9426
2168 7471 9790
2144 6890 6944
1786 5853 7666
3610
5083
3527
3416 5497 9111
5009
532 9048
3959
1010 8543
4629
1483
401
5074 6651
4987 9463
303 6568 8218 9017
494 5819
3458 7379
2512
4635
4183
5090
4954 6385
2717
3019
4213
3618 7460
1935 5683
4205 5489 5986
2278
2844
4983
1355 8795
4901 5703
5052 5983
4333
5222
3053
2185 6502 9478
5326 6756 9417
1357
2288 9505
4422
3277 9808
1309 5842
1687
3127
3568 5474 6455 8317
2241
3770
3072 6165
2173 7142 7287 8605 9328 9876
3763
2705 6260 9733
3184 5831
3451
5046
5247 7822
2282
676
2632
4607 8578
596 8980
3516 8344
5324
124 5996
4106 8730
2977
3181
4863
1882 9351
3751
2720 8905
4679 9706
2537
1400 5525 9260
4008
4751
3354 6942
2441
3353 7220 9143
3630 9000
1729
181
2605
4105 5785
5025 6397 7959
831
1992
4091 8822
4512 5520 7020 9980
2079 6243 7560
1801
16
854 5617
4857 7402
2484 7455 7519
1456
4934
4003
1722
478
592
4313 7457
2445 5594 8464
4849
4821
5158 7550
1446 6925 8497
2362
3499
4945
1805 5773 6557
4857 9881
2363
2797 8009
1156 7343
3120 5581
5212 6232
1779
86
5400
2738 9726
530
669
4035 5966
1432 7277
395 7903
5208 8604
1906
3899 6187 6706
5111 6307
54
638 9892
4183 9510
2881
5381 6069
2774 5744
257
2300
2001
2890 8949
3408
3735 9933
5358 5566
732 9676
1812
540
1765
3526 7058 8430
691
1478
2610
1022
823
3785 6390
1807
5348
3252
3231
4604
4257
1198 9938
2627
4813
1759 6918
41
5443
4850 8339 9298
4389 6450
2463
3535 6365 8301
5428 7129
844 9205
5045
641 6548
3333
2022
5036
3893 7384
2981 7671
898
4630
4028
2920
3674 6076 6211 6955 7356
1587 8014
2566 7731
1459
5350
2746
797 6038 7239 9314
500 6201
4386
4305
605
601
604 5578
4635
3627
2714 7011
2370 6772 8716
1624 5717 6743
2897 6693
3663 6073
1407
2369 6055 7618
2440
2257 7774
4962
5083 8592
4366
3461
5497 9731
961
1445
2846 7306
1412
773 8575
2374 8687
555
3424
3363
62 7030
5299
5550
2766 8661
1947 7753
5470
4931
3382
5315
4543
4059
2095
1780 8780
4848
5285
5157
5219
1318 9437
5457 9705 9887
4963
3329 7970 9027
2182
2416 6545
1038
341
1023 7562 7803
2385
777
5294
4507
3248 8383
2598
2718 6047 9645
4343 7518
3274 6236 7423
3999 8428
4430
1481 7980
3925
4129
4330
5447 7572
260
2699 8124 8483
624
4176 5712
1384 7576 8962
1869 6371 7955
4919
2776
3899 6566 8889
2728
1849 6082
3381
1105
1335 7647
1264 6862 9410
3658
2141 6262 9167
423 5694
1701 6492
1569 8953
3548 9040
2572
1422
1941
3070
1142
4673 7446
1352
4327 5926
4037
378
125
1401
4567
1611 7418
248 6539 8961
2318
1225 9667
2620 9487
2351
2557 6935
4888 6437
423
5142
1186 5741 5947
4025
3728
18
1675 8458
3644 9840
2362 8714
36
1863
3444
2548
1835 6097 9751
4363 7743
465 6453
1100 6144
4298
4399
965 7543 9893
1288 8713
3279 8829
835 6911
5380 8276
4164 6861
590
3247 6619
1778
91 6835 8404
5097
4770
2854
3281
1362
5635 9051
4548 6313
3557 6417
1211
1778 5956
532
3792
2130 7825
3941 6328 7365
5386
4688
3018 8259
2195 6188
1303
2646
2316
5180
3128
5621
4116
1775
4201
742
5555
5349
4355 5742
3079
1234
351
2238
4787 7855
2063
1923
4883 8658
5212 6014
1526 6213
5057
2398
4036
1379 6505
5291
1947 8072
5170 5979
3198 7859 8165 9366
1279
1405 7641
835 8538
5662 6315
5719
2228 6214
5490
43 6265
3788
461
4411
3905 8220
464
126
1771 6549
4414
4832 6623
1132
91 8128
5209 5930
739
3096
1678
4345 6083 6282
2113 8572 9106
1882
4609 7512
2685
3085
1505 8101
1158
4370 8999
1605 9315
3212
646 8565 9306
5465 7047
3568
2293
1517
1486 5934
3486
1293
4278 6592 7333
3097 8352
266 6205
2624 8831
5284
5438 5796
2312
1857 7627
4511
1528
564
240
3355
1494 8926
4984
3874
5785
817
1158 7205
3816
3809
3663
4613
3935
701
870 9192 9601
4179 8340 8370
1987
4047 6841
1747
5252
4383
1000 7563
1062
2346
2162 7810
2246 8946
223
2566
5369
4505 7119
3994
1295
3573
4394 8096
3922
2570 7396
2044
3820
4892
3689 7191
5407
3170 6362 7244 8433
3022 9157 9401
620
255
626
2393 6719 7958
1023
2774
4315
233
5397
3556
322
3655
1378
1918
3889
2996
2840 9116 9486
4828
131 8685 9735
5354 7117 9917
1921 9391
154
4188
4233
5141
117
1909 8814
2707 8077 8508 9696
2640
4539 7496
138
2164
2166
1870
178
5115
3552 8241
1115
4616
5229
3540
864
1642 6720
3932 6139
3723 6130
3738
1953 6124
3523 8393
4806
696
2795 6938
2919 6576 9590
1188
1418
657
75 9532
3418
906 8343
3396 7522
4088
5069
4748
61 7057
3833
409
3441
518
2954 8985
4064
4000
4479
2676
95
2568
4367
1408 6245
1490
4172 8589
3150 9422
3290
4114
4179 7340
4184
4135
4673
1471
1518 8629
1512 7776
4052
822 7103
1733 8564 9989
925 6459 8423
5646
324
744
3402
5757
555
3482
3364 9539
5777 8546
497 9608
2644
4226
2555
955 6844 8764
3444
629 9773
1098
2545
2317
4376 8775
997 8624
5662
637 9125
5144
996 7745
454 7335
2070
3135
1795 7001
3601
5698
4703 9986
3257 6332
479
2659
4377
553 6919
4967 7445
4754
2897
5478 6504
1821
582
4542
2988
4251 7942
4764 7506
944
2683
2395 8367 8380
2911 7817
3399 6153 6228
5228
5736
2016
3497
3160
5387
5118
847
5381
1086
1412
5219 6039 8002
923
2774
1583
3415
2745
2415
5418 9614
3087
355
535
1897
5294
4543 9435
3251 7425 8375
4742
1446 7746
4243 7266 9002
3362 8413
2476
2402
1740
5099
4023 8951
3450 8094
5728
915
3463
3588
3503 6027
4539
290 6710
1762 7655
674 7274
4607
2497
76
3980
6018
4348
451
1675
1510
681 6605
4202
3968
3462
243
4718 7898
5544
5989
3471
2325
149
2804
4316
200
238 7295
5608
342 9342
4691 7177
4659
244
1427
63 8571
972
5559 8612
4531
193
4211 6074 8281
4359
1981 9368
3325 8668
3461 7053
1953 6614
4293
4842
4102
3830 7123
3326
5489 9677
2067
401 8454
368 7500
5557
6058
31 6132 7826
5538 8381
5157 7800
3339 7374 8876 8915
1052
5240 6462
3643 9515
5628
5761
4667 7232
2879
4779
3500 9096
1277
1544
768
679
994 6527
295
4049
1326
333 6818 7349
5673
1283
2506
286
347
5272
3347 7251
3812
3834
4542 8130
5078 6882
1369
1298 9218
5286
4627
4938 6363
4838 7260
659 8882
4731 6805
3474
2965
2779 8732
1761 6952 9598
2010
200
1917 9745
362
5880
3818 6346
3877
1993 6915
1198
1722 7624
5878
837 7802 7879
6075
5299
4771
668
5215 7401
2986 9440
2593
5877 8672
792
507
340
2947 7990
5676
3894
1267
1451
925 7860
1092 6486
4440 7464
1794
1217
5977 7441
4278
1318 6624 9485
4089 6381
5242 7752
4795
2994
864 6765
1138
2972
1026 9414
726
5403
2083 9349
3591
4602
3727 6591
2897
3670 6778
1463
4469 7252
1209 8461
3384 6320
3467
3552
737 8313
4587 6966 7347
3093
116
3263
2165
4122
3616
4114
5483
5706
5083
1880
4241 6921 7711
474
5233
4686
3660 7809 8568
4101 6823
246 6384
3479 7197
2476 7405 7428
1386
5545
1949
3938
1721
5782
3910
3514 6670 6811 8126
3121
2402
3519
5538
527
5729
5743 6485 7257 7489
3833
1838
676 6581 8051
1376
2095 8635
2260 6596 8542
2966
4007
226
3429
5046
4649 6666
2634 9013
5977
2427
3590
3111 6519 6530 8061
5471
2308
3896
4456 8394
5610
2754 7764
1987
514 7417 9150
1943
2688 9007
3798 6881 9358
5444
1292
5909
5285 7538 8703
1027
3705
849 7202
3911
3642
5004
2582
2852
1609
3166
313
1275 7682
2943
5406
2809
5634
3420
1922
5745 8733
3051
2592
2637
4669 7829
2418
1827 7629
4610
1819
3562 9824
1194
4320
3621
3163
530
2454
3800
5761
5123
4038 6470
3609
1389
4536 6525 6628 8510
4538
2138
791 9331
1976
4641 7820
3702
3839 6355 6858 9480
88 6763
3623
3432
4351
864 8312
4292
674
3140
1024 7957
3220
3217
4036 9255
5484
5216
3746 6891
2055
412
1105
5695
1639 7823
5741
255 6939
629
3016 7078 9206
1543 8731 9716
6175
4830
3974
1751
1740 9508
3256
127
529
5702 7358
4612
2956
78
5958 9704
1570 8812
2938 9405
5348
864
2391
5201
2807 9089
265 6352
4527
1367
1409 8638
3208
3536
6125
933
3606
2336
3133
4749 9138
6340
4012
1621
6294
4993
1923
2539 8917
2423
1264 8064
400 7882
5832 7044
6112
3547
5524
1901
779
795 6879
4115
2367
5623
4385
4366
4596
3059 6971
3044
2792
1244
4023 6813 8154 9718
2230 9693
6156
201
4911 8941
6197
5375
430 8378 8389 9852
2538
562
2649 8120
5508
2687 6933
520 8347
3938
4514
1381
4208
5439 9107
69
3566
1757 7151
2572 8345
2481
4525 8516
4588 9569
2055 9715
4314
141
2224
57 9845
5012
429 8722 8934
3699
4924
1246
4037
2661
5696
3399
2104
4489
2957
4990
862 9945
1899
1408
3658
1370
3061 7286
4306 7147
2179 7144
3535
621
2926
2514
762 9204
4367
5659
2082
272 8649
3580
3181
312
3875 9179
1394 7431
1735
4922
138
2559
124
5522 7922 9833
316
4364
5675
5012 8669
5400 8850
5072 8322 9593
3667
500
5925
333
2873
6080
4879
4336
1992 7184
85
1732
4539 7173
566 7132
6284
3945
2100 7024
4342
5314 7031
2634 9873
675
5153 9175
5030 6820
4578
2135
3260 6744
378
4762
1940
6214
6149
2287 6757 9518
1778 9982
2995
1922
1191 9871
5636
3215
1104
1406
4520
310 8745
2840
3063 7112
2347
3511 8429 9522
5391 8039
305
5966 7019
5733
4426 9861
4998
2904
935 7099
2777
2099
4916 6679 7986
1335
4013 9438
912
4885
57 8054
3625
6231 8148
602
4372
4039
1324 7853 8031
3714
6287 9585
4065
6092
1185
5111
6231 7536 9379
1518 7310
2115
1264
2699
4150
2758 7977 8188
4459
3829
5653
4333
3557 9770
870 8480
3815
3395
5598 9641
1884
30 7571
5528
5752 8595
230 8042
238
3975 8337
2896
2516 7885
729
5211
5465
1343
5100
3473
3928
3510
3390 8535
3566
4635
5626 7881
5127
5368
2941 9695
2819
480
2148 6664
2041
2264
1027
5885
672
696 6994
2922 6736
1218
6217
2892
4062 8424
1667
2137 9161
1941 9014
1003 7321
2872
3437
2235
6169 8492 9524
5780 7744 9226
2161 7622
2104
4834
6220
3955
3261
4635 7927
1644
3948 7195
1476
579
213
6032 6819
1476
1888
2725
1967
1785
579 8233
1193 7108
1679
6063 7353 9147
3759
1017 7891
2806 8092
2995 9758
5686
4910 9168
2116
4384
5754
6155
3896
1932
2627
6287
1799 9305 9799
116
1236
4116 7477
5069 7071
3359
3722
3213
2555 7827
508 7149
650
5342 9849
641
2259
1022
5061
1964
1438 6729
550 7040
4617
2942
370 9860
5366
3985
1282 6785 6983 7322
3884
1841
4775
1115
5248
1048
1798
4247
4196 7668
4111
6572
188
6226
2041
2743
4121
6207
4933 8602
2160
4361
1457
3381 7241
2609 9896
4371
405 8507
6512
22
1224
1986 7847 8533
701
3835
5221
2397
1548
2401
1458
4302
3812
3549
5556
4884
1039
3397 8894
5132
39
2882
3128
5001
2324
2172
3619
415
5483
1217
4621 7063
5074
6020
780
4881
4971
1380
3137
3191
4293
740
5837 9579
5876
4879 9382
1597 7475
3163
3485
1155
3007
1886
8 8556
6646 7104 7707
3489
2975
2
1794 7661
5050 8531 8919 9914
2068
6579 9574
61 7740
4630
1275
4437 6974 7155
1201
4689
5555
6481
5047
2976 7372
1717
749
1018 8623
857
3174
1088
3410 7528
4912
3381
5392
6487 9406
497 7432
3356
70
479
1696 7610 9177
6295
1797 9443
6160
3699
5052
3587
2161
231
2417 7723
5554
2968 7981
3760
954
3906
191
6171
4469
3009
2918
3815
1085
106
6653 8688
3366
1991 7932
8 9029
2314 7532
3132
1593
3263
2064
3543
770
1366 8411
4912
2247
2141
1842
4321
1931 7391
3296
1082
6115
5187
4689
1082 8815
3036 8858
3565
6207
5281
6379
4013 7739 8010
4387
1042 8399
410 7325
6096 6894
6605
6478
2506
1959
6196
4690
58 7490 8445
868
4722 9148
4616
2325
1260 7557
609
1076
3553
4860 7614 9112
5688
4666 8125
4220
4225
3001 7597
1238
5808
2698
453
5939 7189 7456
5320
2154
2553
968
2107 7271
3315 8925
418
2836 9801
2771
3533 7228
498
2528 9744
1663 8799
6294
3889
1629
5684
5632 7126
3276
1873
563
4789 9669
3179 7749
5132 9132
3057
2305
3788
4177
4278
1896
1927
3305 9237
3998 7334
3286
6368
4592 7076
6242
6107
1842
4123
1360
3458
2852
629
4504 7003
5353 8012
6309 7146
2125
4163
6818
4538 9781
400 7032
4365
577
3371
1153
3004 7362
3725 7350
3491
1547
295
2199 7967 9743
3363 9413
3225
4385 8081
3120
5682
5187
760
1406
6127 9251
4160 9568
4362
5518
5962 8676
2087
6191
1510
380
2112 7254
5461
1678
4565
1282
765
4619
556
3054
6391
982
5658
3851
3098
5884 7136 8449
6316
598
3606 9033
5431
2851
5353
488
5351
4171 8743
4241
588
5039
744 7924
6119
3383
1417
5538
2392
2035 9573
896
2982
4824
4083 8161
4932
2873
1451 9053
1576
6179 8835
5021
2098 8913 8939
2453
2313
6375
2793 8326 9434
5091 8006
6740
175 9429
3952
60
793
1254 9074
1453 9230
72
5094
6653
1099
4176
2419 8741
3418
43
4425
2962 7269
1977
2483
2433 8302
6578 7056 7070
5319
4880
576
1046 8984
1009
1765
5954 9117
4383 8230
6889
329
4656 7545 8545
2798 7018 9454
368
4327 9869
1224 9620
2462
5553
2616
2473 7589
958
443
5032 8422
1695
7006 8357
6504
5443
5251
3132 8132 8739
281
6472
4797
3956
5284
3065
4416
5576
6474
6896 9011
3849
2822 7043
4233 8334
2145
4240
104
2477
6647
5330
1822 7222
7034
6362 9603
279
4493 7951 8664
5773
558
3091
1851
2935
2270
6062 7974
146
2958
6994 7704
5896
5502
4097
2048
111
5342 8231
6708
4275
2162
1624 9802
3404
3003
399
6994 7867
6633
1046
3897
1485
1147 7443
6880
1852
6318 9149
1336
3590
1338
5267
2368
3652
3837 7170
1800 8700
5263 8271
1995
2794
1754
3747
2349
903 9100
2156
3367
1000
3698
1896
6509
1359 9543
527
3639
5923
6729
2421
5324 7497
1188
6612
5199
168
3201
6499
4159
2001 8536
4574
3389
5853 7838
1219
5820
2795
809
934
6067
149
2414
6862
5014
2152
5525 7192 8268 8748
5011
4247 9310
6469
3374 8095
4785 8588
1800 7993
6938 8297
4003
3387 8485 9908
4573 8868
5143
4793
5404
4771
6430
2568 7844
6891 7454 8082
6429
4403
6638
4584
6400 8807
2293
162
2788
6740
4237
1424
4086
1277
1389
58 9572
4093
2836
3862
880
1705 9588
131 8667 9504
2618 8085 9046
5316
7085 7953 8938
3138 7742 8582
2272
6468 9662
5089
2391
1682
6049
3214
1575 7637
4139
3105
4204
321
6465
1484
1024 9668
2071 7602
5316
6844
678 7893
5830
7129 9021
1855
3385
6601
1871 7944
6198
4032
4965 8677
4036
2146
6249
1935
4847
5798 9288
4493
4632 8562
3133
3148
1026
441
3539
2753
485
2486
1021
1141
1354
1552
5433
2277
7042 7929
755
4293
771
1942
1745
6854
1384
471
4130 7699
6084 7985 8591
3439 9068 9950
5257 9183
1602
5196
4495
1775
5544
335
6675
3646
1813
5832
4422 9153
1495
772
4266
3889
2774
6103 8453
6173
687
6924
276 7727
857
6214
3883
708
6113
1813
98 7941
3210 8842
2186
909
6006
4020
1235
6990
2173
6849
5014
2580
6022 7505 8103
2952
1640
5479
1228
3869
1175
4152 8044
986
5145
3982
1944
6428
5404 7319
234 9430
1508
5051 8419
3993 7649
3538
4094
2926 9347
6046 7564
59
1052 9257
3088
3761
3607
1500
53 8955
4573
1549
2401 7732 8968
5569
2310
4301
94
6531
3462
3931 7390
2804 9393
2885
2848
40
961
3643
7287
1728
6587
6653
2528
2264 7722
6817 7786
963
2154
2337
4383
2173
365 7961
1449
5780
6877 7751 8773
5951 7336 9427
7335
2094
500
3011 9559
5915
5114
1450
5469
156
4086
4705 9749
6179
2453
6096
6902
2292
1519
6614 9220
3400
2570
5538
1608
6328
1737 8196
1494
2183 9761
6901
814
4316
5702
292
1612
2975 8226
4213
4872
4609
6746
3601 7812
6078
2834
2276
2244
2566 8131
5370
4115
3011
4374
265
5532
1736 8678
348
1243
1218
501
7312 9700
6802
1271 8329
3217
627
2687 9337
5826
1304
2236
2040 8005
3241
6136 8947
5448
3558
3622
6199
3730
1563
2319
1977
3901 8755
4304 8920
1168
1776
848
2803
268
6239
5652
2781 9587
3298
3442
4601 8448
5610 8898
3724
6003 7504
1604
807
6199 9722
833
52
6444
6758
2995 8511
3418 9549
395
2556
3840
1481
3368
4953
6153 9123
1253 8187
7075
2690
5963
5644
5271
4433
4433 8354 9526
4399
3247
420
4202 7701 9630
7146 8830
5449
6844 8563
5456 8138
850
3399 9670
5379
2038
188
4160
6150
3586
1855
3208
3022 8119
3258
1366
5352 7724
2527
5273
1692 8235
6722
2274
6632
3634
874 8195
1270
950
362
5111
968
3476 9990
4998
2597
5161 9015
6214
6825
3126 9362
3171
1427
1705
550 8104
5863
7106
5069
3813 7768 9765
6072 8823
2033
1574
3462
7425
7274
5972
1837
477
4983 9769
771
961 8442
5764 8114
1404
2507
53
2712 7632
1782
5609
5449
3101
371
5892
1171
175
3780
396 8967
4667
6753
3869
591 8371
198 8751
6789
1155
5086
4468
6530
4636
6246
409 8514
2429
4847
2598
5679
2153
7005
1299
4431 8274
1856
2245
5460
838
3928
4488
4564
852
2075
6830
3601 7631
4550
5444
146 9224
5601
5812
7295
133
675
3011
3275
3458
309 8796
6547
5617
2365 7813
406
3054 7913 8723
5622 8307
80
5249
4385
3029
501 8115
688
3
3653
3795
4026
5253
1994
7013
586
5249
843
1676 8851
3295
3934
4022 8584
6839 8720
1517 8447
99
3619
979
7187 8457
2019
4506
3018
1950 9889
1946 7678
2200
4633 8679
6762
2221
5154
3710
6834
1650
3301
4166 7693
5559 7648 9512
1839
4030
819
6593
2258
6129
904 9110
4743
5787
1249
6271 9993
707
7558 9290
7516 8168
4250
582
4485 9372
1806
7179 8153
5192 9232
1459 9286
4685
5739
2243
3601
508
1942
3262
5631
7618
7291
1520
4166
4275
3380 7991
2529
6021
914 9387
4141 9859
4390
2592
1425
6733 8325
2696
4112 8922
5127 8618
4936 7714
5354
1910
6662
621 8694
2833
5533
1870
4894
1123 8966
3976 9992
888
1871
7607
2238
3356
1120 9720
6258
157
3089
2125
1701
3590
3672
2132 8122
4243
2443
4056
7617 8028
1676
2441
1026 8577
3888 8213
707 8899
7231 9334
1586
7453
4039
4941
7056
4662
1511
6729
3987
3089
366
6191
1811
4652
7665
2031
1656
4248
4843
3362
870
4975 8933
7324
6771
7471
31
2879
7255
4323 9225
2483
2712 8076
5540
7305
1882
266 9747
2626 9648
299
1929 7765
1082 9271
6814
6737
237
7171
5674 8300
6592
5950
6005
575
2040
6867 9506
444
7334
6157
5580
2728
3243
5113
3292 8303
2288
3758
239
3204
1729
2667 9757
6237
7737
3130
3509
7499 9906
3916
3499
5012
4345
952
5561
2975
5921
2480 9490 9778
3564
1639
2085
890
1768
3915
4534
1094
7325 9118
2430
3560 9492
2387
4356
33
1077
3357
1368 9373
5123
3143
79
869 8016
814
6077
2994 8869
6131
5601
4292
996
651
623
3144
6195 8932
5815 9936
4679
7373
7573
115 9853
4365
3232 8695
5976
5197
1119
6292
2567
5410
6314 8019
2213
5701
6075
6637
2549
6269
241
2264
1337
3676
2976 9689
1410
3914
952
7117 9606
2577
2132
4201
1930
1153
7145
4142
2497
6682
54
2664
3972 9186
3728
3582 9951
6523
431
5724
3810 9782
4123
1472
5737
6148
2145
2081 8086
3246
674
3250
990
7070
643
4357
877 8948 9553
429
2919
3613 9320
2168
589
4953
4842 9297
1007
6131
937
6566
6361
3402 8253
491
6554
3793
716
4255
1992
4333
6616
3364
7190
4930
3446 8808
3337
3563
6037
2629
3187 9457
3783
4496
5480
3200 8513
702
4612
4315
5187 8286
788
3726
2781
4820 9001
7575
3641
3897
2482
2575 9642
1550
1462
1419
4414 9433
6450
3425
6951
3708 9037
4224
6599 8643
3460
7222 8133
1650
3561
6787
1448 9291
3380
4651
776
983
5335
2605
203 8846
7262 9465
5971
2716
7196
3295
2979
5127
3392 8820
2683 9804
1610
7046 9496
3934
7170
1626
5623 8752
792
6303
5837 9194 9591
5439
4344
7331
1156
4806
3241 9822
1631
1452 9660
6906
1487
4516
5596
4625 9960
4170
641
7053
5271 8029
573
6536
5299
556
5613
6773
4827
1287
1577
7232
6512
2274
2835
954 9915
6143
7653
538
7135
4202
5250
4968 8062
4837
1102
4040
1750
4953
5989
3781
4874
7399
6973
404
2774 8517 9360
5468
6814 9921
5347
6890
498
5539
3619
7798 9857
4061 8792
3396
7823
1634
5239
3993 8501
421
1098
224
3981
232 9455
7693
7975
1008
6523
4521 9083 9812
3571
778
4894
952
3887
2182
6502
4989
469
6550
4999
7281
1305
470
3751
4058
3581
1195
6217
2371
546
6517 8156
745
4184
125 8711
4548
626
1456
6231
7996
1823
6360 9249
4700
4667
3760
3907 8945
4432
5310
1276
5735
2879 8328
1502 9529
1637
7730
5861
5130 9442
1383
575
6909
7146
4327
994
7168
7862
2087
1593
1658
46 9105
2847 8500
6617
1733
6013
7133
5824 9242
2244
2291
4253
4616
5767
5283 9266
7274
7495
1223
1013
4286
1552
756
5207
2981
2638
3279
7512
7581
3764
221
303
7468
6389
2678
7689
3738 8353
5619
6836
6207
956
5756
3023
6106
7378
7022 9625
7929
3678 9467
86
1200
5294
7457
4058
4717
1667
400 8291
2895
719
2540 8496 9957
4452
3760
6519
3896
2890
1301
584 9102
7637
6379 8857
1341
8054
889
927
3947
4159
6961 8163 8487
280
8161
232
5737
2150
2074
7632
173
3855
4514 8395
40
348
2012
4175
1246
3367
4116 9947
2954
2654
2280 9113
4100
2303
3682
2698
2245
7442 8527
6536 8601
3626
4987 9699
2398
8
425
2907
7479
7359
1857
1248
2579 9760
326
1164
4292
3730
3655
5280 9280 9311
930
4939
2985
3251 8747
4864
3475
1555
7697 9008
4773
1298
3072
5060
5368
3507
5749
3241 8308
182
5328
2371
3072
7368
3616
5062
1464
7002
7062
2266
6611
2460
7474
4270
465 8603
5109
1071
715
5870 8581
2024
2047
3059
2342
4133
1132
4016
3653
3151 9752
3988 8854 9128
3316
7883
863
2800
1226
4604 8888
1717
5705
5281
4731
669
2182
4522
3314
3640 8988
54
7129
1435
2276
7087
3397 8929
3760
7547 9477
1285
5683
376
4947
3181
4354
6058 8336
1045 8699
627 9252
2996
1945
7908
99
5078
2867
3834
8142
3561
973 9600
3215
2658
3947
7136
743
2064
7743
5524
6993
7757 8665
3214 9080
2910
3024 9170
7576
8221
2479
3143 8809
1827
6299 8493
6178
3144
3911 9418
1079
5400
3573 9304
3730
2281
4297
6456
283
1126
7661
6972
1524 8715
8073
7392
3995
696
2624
1783 8634
7035
5252
8281
6552
4669
5521
5806
88
2788
5891
5416
6401
4226
6392
4608 8451
3011
1292
3455 9637 9981
5781
8123
7449
4768
3896
7018
2769
1826
5028
4274
5049
3418
3051 9612
2667
3435
5975
754 8790
3542
5806 9651
7530
5003
1763
4655 9867
6003
1265
5161
6386
4518
5975
6076
248
5606
1516
560
1303
3140
443 8824
6386
769 8979
4737
4220
5881 8471
6235
8171
3699
1387
4082
6816
4701
2536
2023 9122
2149
5688
377
2743
3537
126
3200
1325 9049
6796
1938
6007
1703
2159
224
2322
4080 9374
7290
4327
4950 8547
7016
5925
6583
3628
976
3685
5611 9974
6501
5502
4429
3959
5832
1983
1639
3082
3263
4741
727 9657
2152
5290
7511 8738
2329
4786
6825
2439
7598 9797
7422
6938
541
8348
844
7251
6071
1671
2298
7602
5666
301
3808
6174
4534 8848
4865
5457
879
884
430
2806
3678
4012
8393
1898
3937
827 8838 9850
4231
3948
490
3621
4281 9932
6542
1101
3037
5619
743
7138
3232
8161
2708
4643 8828
1717
1144 9364
6591
8312
231 9300
1748
8145
5461
456
1457
8091 8628
8022 9469
591
2205
67 8706
2382
5158
6678 9658
5861
203
6287
7433
3732
7904
7539 8957
3094
6403 9189
8008
5272
120
3293
3467
525
3659
3787
3618 9943
4826
8187
3704
1225
1384
6734
3966 9719
6682
1731
6563 8721
7114 9281
3814 8675 9961
5740 8724
3957
4153 9285
2739
6220
5362
1587
7005
5934
8421
4966 9371
1202
4811
832 8837
907 8887
2697
568
995
6728
3170
3516
2959
12
3591
7207
7456
5924
5772
1090 9446 9678
3752
6195 9236
409
3988
6053
5762 9495
4796
4506 9656
5571
1171
7696
5414
941
2778
8241
7171 9006
2934
7596
4785
1177
3610
7134
5911 9665
4174
7232 9038
5563
580
2658
6549 8697
2847
2296
937
4063
2204 8614
8188
6671
8237
5481
5404 9441
2473
3839
2286
770
765
2222
6055
2515 9134
8600
4829
1841
4036 8646
7664
1666
2163
4022
1172
6749
5946
4192
1975
4765 9404
8500
5920
537
3342
4549 8791
1215
8333
6219
717
2765
6343
3412 8774 9544
4234
5084
3406
7927
1982
1328
8617
4194
532
6439
1758
3157 9607
626
716
430 9066
2190
5072
1156
5727
2164
2277
5579 9964
4937 8696 9780
1683
7046
8303
1562
7167
6061
6454 9684
2538
5250
6139 9562
1198
2337
8537
6919
7199
7385
7609
5162
1657
1548
4776
5249
5852
1703
5572 8813
6785
2808
511
1036
5127
3417
7669
7816
8662
8595
4940
8282
7086
5236
5340
6246
499
5094
8504
1528
4634 9890
5252
1345
8057
2666 9647
5680 9090
5668 9879
8327
5554
48
1983
5304 9902
7597
8535 9602
6411
7575
8538
1192
809
3201
3346
1221
5419
6319 8973
6118
6265
360
2324
5332
640
8442
7022 9287
633
6986
4232
6947
1236
6497
2982
8209
7129
3649 9548
1026
7531
7955
1782
1593
7410 9416
3852
4632
5136
2570
4590 9452
4220
2825
2000
5939
3095
4622
5243
4700
4692
4916
430
1373
7334 8959
8639
5945
4553
3201
4959
459
5588
414
58
3342
116
4383 9564
1144 8827
3690 8908
1489
2838
8368
8632
8017
3009 9171
2368
5385
7570
4742
3044
6857
2568
2653
2677
681
3869
3426
2559
7151
7895
8310
2985
2178
6333
8687
5860
6808
4647
2553
306
5041
7948
5270 9736
5442
7500
8388
2955
3859 8970 9685
8786
8489
5681
7454
5783
1563 8940
2111 9459
4942 9239
6966
2879 9245
8551 9599
8474
3922 9253
4773
5220
7263
87
1287
1300
7940
2451
8462
805
6455
7593 9623
1082
810
8251
2067
3996
8154
6809
1709
2332
1395
1701
3791
806
1828 9500
3918
3002
7139
7801
805
4939
3358
5328
3516
2659
6078
4736
1195
288
2437 8881
8880
6114
308
1131
4736
476 9010
8552
8257
5626 9466
1112
1619
5037
4543
6696 9023
2521 9813
2457
2664
7423
7698
994
290
644 9283
5034
97
5425
5271
2823
8787
350 9399
1534
1361
2540
6968
1964
6078
3624
6358
3419 9531
6734 9604
7411
214
7663
3854
2917
6850
5793
4783
1298
8272 9392
2979
3460
7809
7721
6411
4240
3030
1603
7170
6968
8832
6383 9988
504
1010
4513
8068
5816
7401
7870
5494
4814
6012 9195
1462
5637
4854
7302
3707
8514
2135
8773
734
5653
5622
2533
3185
3025
7674
7526
7305
4895
8826
2190
612
8731
2507
1232
2645
1901
4137 9428
8390
5415
2180
1789
4976 9448
6998
5901
1897
2782
8266
1453 9538
836
4727
2900
2498
1770
392
929
3054
1286
5769
5434
7912
6006
2860
4019
2391
8582
6241 9270
8213
307
8886
7032
656 9353 9536
6227
6586 9555
7488
924
5368 9920
539
3793
1052
7192
814
8894
3990
1654
4531
5596
3655
6788
2924
1926
2317 9618
6941
3444
2077
3140
7925
8591
910
5638
3824
419
1046
1706
1517
7168
3709
5360
8410
2179
5694
310
6964
3093
1780
4538
968
1228
3949 9071
883
2362 9321
4526
1051
2371
4016
8654
4769
7233
4274
506
9059
5146
625
6979
4316
4536
3991
297
1565
8304
4132
872
8032
1087
181
1224
4006
3999
6339
8713
4390
4944
3427
694
4525
6087
4650
1598
957
7093
4521
8152
4248
4985
8090
5762
6397
2086
3188
7625
5358
6834
8181 9654
4927
751
5850
7001
7786
1576
1330
1752
8402
7441 9276
1108
5948
1173
2270
8251
3446
4022
3703
6868
2752
8613
1036
2306
4386
6351
3465
717
4079
4681
5433
2410
4252
1554
6614
6827
7078
6239
1871
1580
7245
4190
589
1622
5833
1534
128
4554
6585
2496
3500
727
3020
4040
5634
6620
1979
8306
8793
4533
4810
484
6477
133
6762
2455
6443 9683
2581
847
1993
7234
3499 9793
3515 9396
7850
745
4602
8516 9741 9909
3367
1926
5805
753
7958 9316
8951
1473
2411
3241
2739
4018
4989
3120
1138
6435
5526
6318
719
1813
4992
5196
4598
4841
2691
636
1384
781
2346
6109
3218
7353
709
2823
3397
7561
7728
6592
4405
4101
125
6980
4590
7638
5279
3310
1197
8568
6876
4214
8834
4190
4392 9324
8096
3303
2475
8836
2595
4848
1638
8064
1406
6915
8283
8839
3731
6306
3297
7297
3761 9791
4328
5428
2194
1078
3651
3429
4007
8102 9638
270
1795
3939
9007
7738
4483
4881
1631
3236
9123
150
488
2476
8205
8536
371
8902
4705
8540
7639
8739
7205
2068 9394
7631
7933
3469 9652
4806
1881
164
2819
7877
5521
4871 9937
8494
1116
3181
3691
8318
6629
5772
1881
3356
4350
7131
8205
3725
1266
5544
5770 9795
9194
3863 9959
4023
5040
7873
9061
706
2164 9692
9241
5126
4862
3647
5404
464
2978
6290
4464
1107
7699
4149
5191
7395 9390
4254
395
273
1131
6048
3470
3379
3135
3021
7294
5084
6166 9976
3109
5423 9848 9935
2071
9012
4946
875
4294
465
6242
2206
8008 9550
2888
7491
3635
8491
3136
5737
223
6060
5313 9714
3610
8548
7635 9542
7794
8418
2013
3712
2109
4928
6530
1932
5191
6721
4670
3883
4190
2942
7656
788
452
9337
5854
8929 9552
7313
9289
2279
9185
4096
840
8909
3050
5833
5009
557 9816
8627
6334
6757
3459
4667
1957
5632
798
1424
6907 9907
6163
366
8755
5392
8315
2816
2679
2801
5912
3596
1914
1430
5351
7335
8978
6975
7288
626
4773
7921
6972
6002
1237
5593
6514
1662
6137
8605
8078
6764
2376
4613
8566
3557 9958
8983
57
4685
568
8760
1488
7006
8027
3911
7900
717
8833
2041 9597
1281
943
5367
3117
7941
8889 9674
8134
2678
8501
4351
5170
2267
2212
465
4585
3233
8274
5391
991
6294
428
2404
5021
5126
6155 9817
5850
5656
1003 9535
1994
7777
4039
7788
5209
4784
8572
7951
3900
2943
707
8865
3141
2452
1298
7167 9617
5394
7749
4527 9521
6324
4621
5487
1754
7618
4169
5077
6081 9724
4241
2993 9973
6487
3775
2600
9507
6501
2118
6591
772
7449 9854
1778
1574
8074
444
8918
5889
3475 9952
4802
9488
9012 9855
199
8989
5933
1170
1708
9372
7100
8639
4144
524
5039
8749
7434
9360
4910
9392
7870
2362
9014
3336
4420
2890
7339
2029
1294
8672
5292
8785
2509
499
524
6916
6404
161
881 9615
7161
6957
6736
4279
1717
4864
4224
6719
1918
4570
3167
189
1836
6525
104
7419
7166 9688
1843
5885
7958
538
6456
451
72
1052
9460
6119
8837
8293
5805
8721
7044
8919
5102
7838
8651
5935
4923
1982
5067
8364
3286
5996
9571
1804
9504
9032
2119
7009
2196
22
8851
1831
8132
56
312
2776
111
7453
953
1039
3236
5162
441
3321 9939
8351
9266
3618
4552
6545
7917
1845
1694
5608
4096
8712
7735
5335
3968
8370
9292
3652
9113
4918
8574
8439
8507
3576
7966
3709
7173
2460
384
8589
4246
5655
7186
6866
7459
5242
1265
2881
9466
3668
5498
6069
8566
54
183
2407
3527
9179
8669
8826
4554
2773
9588
7834
2378
3209 9711
9323
6380
2004
6569
5861
83
665
8190
7390
2022 9955
280
1190
6332
5594
5426
148
406
4303
1614
9691
1642
730
9369
6405
6319
5199
6379
8532 9785
7681
219
7428
4185
9515
1841
5475
2762
1172
4572
2195
5566
1387
5406
937
5852
8821
3829
1699
131
4952
9189
5098
6906
6856
6122
5238
7734
3108
7346
741
5673
8250
2713
2448
4911
2574
7763
6618
1798
8199
7361
4535
1079
3373
7499
1610
31
3249
7509
6541
1671
5240
5941
4872
1637
2429
4674
7777
1026
8662
6895
7856 9823
1577
482
9719
3455
1942
1715
3529
5352
9258
1250
9184
2420
9315
3596
8447
3162
6629
3851
6852
7066
4961
7949
1490
1144
720
5396
1662
2531
4437
8032
8895
5164
1409
9403
9485
4901
2072
3523
3067
7964
9782
6274
5091
2081
2516
3089
2144
313
2328
4693
6450
1645
1324
1096
2929
3611
2357
5667
3189
1570
553
1712
6409
839
2507
9351
6640
8474
1936
6386
7814
9526
9536
2891
8016
2968
7657
6650
6506
1561
3712
2747
1736
160
8374
2383
7008
1194
6491
5054
6475
2459
600
5404
4258
2602
8714
4050 9919
5466
3622
2636
4284
4129
975
5594
4598
7606
8708
5131
5486
5679
3231
4971
6676
279
3653
1892
3315
4747
8719
4824
3216
899
7768
9413
7138
9189
5109
917
1521
1427
6734
7989
2908
5853
3224
9880
9017
8010
2309
1537
4534
1846
5115
4651
4568
1326
326
2073
8479
5496
3994
9351
7810
9299
5515
9636
4352
2864
2047
8525
3355
6423
3744
8178
3678
3576
7233
7852
9533
5235
1604
9701
5178
8145
9447
9317
7971
8537
1946
727
8661
208
2613
836
5317
4400
3328
3792
237
9517
8428
2902
9349
4972
4252
249
5443
8351
6488
3879
2105
984
5957
1198
8941
5924
7485
877
7675
7629
1946
4419
4097
4938
3986
2006
520
